500
0 9158 9561 7724 6286 4519 7248 655 
1 636 204 429 9590 6037 3592 2134 
2 5039 8192 4738 5227 1102 8457 8627 
3 4339 6823 3867 2230 2560 9142 6155 
4 8717 7140 5056 2504 7322 1844 5323 
5 9459 3890 386 8955 7249 4722 7611 
6 6527 8637 1207 6529 3548 9240 364 
7 6972 2541 1371 4570 7891 2082 2152 
8 8895 1417 1450 7201 3057 1214 6414 
9 2069 2779 407 3350 975 8746 3194 
10 7305 3816 5093 1626 8035 9597 8613 
11 3794 36 3206 6529 9150 3484 2528 
12 506 4288 5453 5284 5568 7214 480 
13 6757 5988 4927 1783 4554 4088 9691 
14 1011 4830 846 7900 6751 9792 7165 
15 6027 4380 5618 5011 8016 1239 8400 
16 5377 266 5298 4800 9864 5717 9823 
17 2625 3011 9630 4049 4964 5929 458 9746 
18 5486 5118 1244 9769 21 924 1006 
19 899 3062 9484 9568 5545 4600 5712 
20 9897 628 6097 2402 9814 8542 9876 
21 5144 6167 2083 280 6697 5047 1776 
22 3746 9099 7667 5684 1897 2291 6640 7221 
23 3112 8435 5378 6517 5617 6813 5017 
24 4293 317 5427 2356 7368 8420 8051 
25 1802 2959 3483 331 1684 6181 3286 
26 1712 4315 1677 5753 5025 5958 1913 
27 6874 7282 5551 3180 6399 4560 8558 
28 3854 6601 7358 263 1777 7420 2593 
29 6832 7540 6312 1559 6444 1313 6221 
30 7279 5769 9824 5084 9035 6297 
31 2636 764 3614 1011 5883 7810 964 
32 7412 2498 1030 3546 775 2609 3415 
33 3168 4247 4683 4961 961 821 9924 
34 2370 9059 3459 4862 5760 1357 9327 
35 9108 4338 5952 7327 180 8835 6367 
36 107 763 2172 3503 3769 2356 2107 
37 1804 4215 7763 4395 47 4355 5751 
38 5562 6804 9974 8861 1792 5357 8738 
39 1312 3480 5118 4713 2671 9662 5825 
40 6573 6846 5476 5765 2755 216 9394 1868 
41 5819 7398 5464 3472 3302 6037 3527 
42 3311 1803 8271 3471 8861 9744 7309 
43 2765 4363 3868 3301 846 4553 
44 5235 8115 4161 3170 2724 4956 5328 6768 
45 7840 8458 7801 3194 5723 8063 8037 
46 429 1882 1976 8010 1886 391 3353 
47 2284 4976 4427 7248 5464 6911 5615 
48 2941 4023 3716 2436 5963 7588 7197 
49 2826 2664 191 7559 1362 5404 8748 
50 3859 7298 361 3734 4380 9552 1788 
51 1768 3978 9204 9161 5499 779 2194 
52 8240 6419 5021 8801 5931 6593 6952 
53 3852 9690 8846 7303 2684 3139 8328 
54 1033 6431 9471 1427 1440 6297 2425 
55 1416 4518 5274 5092 1575 2672 8023 
56 8226 6607 4146 845 1333 3287 859 
57 1558 582 1684 4225 5414 4869 9155 
58 963 1755 248 1902 8291 2217 9320 
59 5425 3778 9222 5018 8347 2061 5511 
60 4217 7279 8497 537 4124 3587 7025 
61 7307 8926 2720 1435 7512 9935 2054 
62 6395 491 8219 7140 9154 1362 8111 
63 4076 8972 8434 1382 3617 5878 6150 
64 7897 7493 7398 1403 657 4263 8297 
65 1239 2213 2408 9127 4200 144 4301 
66 9363 5958 7828 4318 6399 7152 4073 
67 6312 464 1532 1825 9037 8273 5574 
68 1033 5246 277 4383 897 1230 6005 
69 7317 9526 9693 1399 4969 2614 7611 5821 
70 7947 4830 5937 1302 9785 3277 7798 
71 1895 2779 8045 3613 7784 9599 4925 
72 2312 8382 4810 8627 231 7052 1977 
73 9220 8665 4653 8972 2006 8334 9111 
74 7493 9634 4936 87 173 6002 4148 
75 8846 1392 5972 3933 4410 7450 8786 
76 4721 7249 4115 6757 3971 7381 3291 
77 7923 4339 3390 2622 4394 4981 3349 
78 7873 6443 4083 8779 6299 3421 4995 
79 5130 1883 6542 2364 2509 9782 4262 
80 5624 1420 386 6646 8397 6420 23 
81 7345 2221 2289 8311 1304 4447 4510 
82 9165 3788 2899 3179 2824 9035 9184 
83 8626 1030 636 3598 3556 171 3015 
84 3171 3793 5299 2378 2991 1630 
85 7348 7287 2455 1897 6443 3464 3130 
86 8727 7784 9123 3618 5046 6763 2820 
87 562 5729 6265 2622 6319 8472 
88 1792 8186 2502 5864 4196 9454 5592 
89 1673 4550 1322 3090 3369 445 3580 
90 4251 1300 8731 2934 4563 1688 8864 
91 5073 7468 1068 4869 6342 8001 6019 
92 1544 1024 7584 2435 6776 4196 9624 5038 
93 768 3698 1161 1170 1861 8328 4322 3408 
94 9128 1732 3085 5722 5691 1371 
95 8584 7357 4734 3423 4120 4725 2369 
96 1298 2609 7021 1254 2336 7915 2547 
97 4445 8389 4675 2584 2311 3589 4016 
98 8305 2011 7662 4754 3017 1553 9796 7486 3395 
99 587 4872 593 1519 9899 143 3807 
100 1021 7208 6273 4594 3844 8675 5431 
101 8281 5878 1600 9455 3947 8115 7792 
102 4279 4221 9855 5123 5382 3372 8388 
103 4135 9782 5289 8777 1537 1819 306 
104 1488 1620 7340 2421 2457 4850 6950 
105 5847 5551 6894 763 2641 6411 6008 
106 5499 4936 9429 2515 4593 3888 9411 8375 925 2155 
107 7913 4750 9189 4351 8261 1949 2017 
108 4417 1002 6368 2852 4370 4229 8390 
109 9053 3744 6243 7680 3902 2268 4992 
110 7838 4142 4672 9258 7503 2967 6745 
111 3954 2253 9799 3294 9596 1599 8758 
112 3217 6457 8045 8943 6052 5137 5960 
113 8080 2691 7129 7345 754 4738 2077 
114 653 9729 3962 9895 4332 593 7686 
115 8801 2330 3442 2931 9363 6948 6507 
116 9434 4366 6093 1350 6304 7441 163 
117 9189 1027 8039 1235 8866 7220 6941 
118 1827 9504 2330 4515 8273 7074 6893 3700 
119 4861 5624 2935 3888 8913 4452 
120 9143 2780 6572 1024 9225 9128 2326 
121 7174 179 2742 6826 7311 197 3388 
122 9482 5256 9686 3734 5549 5616 8132 
123 5404 740 2765 5508 3112 5722 3722 
124 8799 6684 4331 8615 6887 229 7194 
125 7718 331 7103 2138 1976 4515 4895 
126 4130 3619 6740 1359 3890 361 3149 
127 2727 6066 7705 1070 6612 8404 2621 5413 
128 6971 2548 3713 3645 2367 810 6043 
129 6278 855 1318 2082 1180 6757 7719 
130 3205 1318 7150 5590 4769 8280 8969 
131 6066 7089 6382 7927 7760 4200 7574 
132 5424 2850 1324 9752 8913 4472 2918 
133 1201 9810 9585 6452 119 7492 7743 3456 
134 7074 4233 335 2081 5398 1474 4671 
135 1359 3544 5603 9626 5640 568 2032 
136 9695 5718 4275 3218 4371 3067 5755 
137 8285 7559 9140 5941 2557 8213 3027 9751 
138 7144 2015 4856 3351 3658 7286 8871 
139 5765 7818 3295 8255 5854 4185 8697 
140 2835 2751 1926 6755 659 1069 6990 
141 8984 9824 4996 9429 5481 2654 3643 1923 
142 2789 231 6090 5595 3546 1291 8202 
143 9161 6546 6252 6822 5778 8011 5136 
144 9714 7412 3874 2839 7265 5197 5991 
145 7327 4998 5469 5498 2880 743 996 
146 7799 8016 8510 1895 4425 7865 7522 
147 7674 3406 6794 3676 5282 8607 2527 
148 6706 3888 2743 4980 2061 6761 7329 
149 3133 3947 1235 7676 8274 9009 2401 
150 1418 2049 9068 2402 4862 9651 7415 1452 
151 1304 3492 7249 2487 4483 1618 1481 
152 97 9072 426 5107 6339 4700 6417 
153 8654 2843 5382 5320 2637 4759 8177 
154 8703 274 6700 7107 596 510 7914 
155 5371 5204 9827 9860 2300 7603 5440 
156 4867 8389 2669 4321 8063 8626 1623 
157 6835 4279 5940 2686 902 9504 52 
158 5210 9413 2689 3738 8740 6108 8113 
159 1146 7220 3695 9737 4410 4655 8088 
160 4187 2258 9935 5892 9472 2477 8523 
161 1417 2457 9147 8010 4085 7824 8230 
162 6442 1493 6395 679 237 2663 290 
163 1207 5570 6379 7327 3829 8916 9239 
164 961 9477 7358 2523 6002 6878 7741 
165 8890 9346 6031 8567 844 1015 8850 
166 9242 3324 8917 9814 8404 5965 3418 
167 5371 7453 913 9546 3851 7113 5533 
168 4205 9081 2129 4195 49 9417 1743 
169 2695 6165 8943 6208 5327 7823 4172 
170 2210 7925 8764 9413 3667 5926 1766 
171 1689 1827 2528 9457 9093 7028 4394 
172 2754 4115 9774 7935 5881 5274 7663 
173 3850 2181 3315 7701 4922 5447 5683 
174 5405 1701 1467 3618 8544 3849 5196 
175 8099 8869 6689 6657 6505 3216 421 
176 7935 6304 8166 1902 7532 5927 5865 
177 3209 8739 3039 9860 2959 2726 3002 
178 3849 9117 3834 9797 8872 5394 3840 
179 8521 9210 3796 5486 3289 5937 8459 
180 706 3274 7466 4018 8208 6307 380 
181 4446 7959 1811 9053 95 799 680 
182 103 8318 1288 9599 160 2642 3808 
183 2291 2587 5570 9782 1308 769 6574 
184 6703 6371 5634 9620 7424 8213 9262 
185 5691 59 2835 6930 9934 6457 4018 
186 5410 679 2584 8334 1518 2378 2764 
187 1114 1350 2472 294 3455 9790 8211 
188 3182 9142 6493 103 3627 98 8827 
189 6535 3264 8175 2154 974 5392 9833 
190 4499 2504 9143 248 1038 2200 
191 31 1015 6245 1163 6158 5137 7463 
192 4304 3293 1881 7475 1733 1432 483 
193 2504 7010 2076 6317 2395 9552 
194 1284 844 5805 2006 4512 5941 7427 
195 1520 8420 1547 7245 5847 3332 1614 
196 9767 3068 1568 855 5032 5847 297 
197 7453 7783 7427 1725 8745 1712 1615 
198 2124 750 3676 5405 3791 2541 5001 
199 1928 5460 2224 7011 7246 3892 359 
200 2015 2551 1906 1881 4451 6682 815 
201 7475 6307 827 8619 36 3600 9316 
202 5883 659 6265 2759 5320 3421 
203 7348 5036 9105 3273 4673 5473 974 
204 3438 4613 1189 7311 8394 8261 7976 
205 3369 1507 7837 7774 5075 3933 8781 
206 9784 8861 5046 4846 3995 3695 2445 8814 
207 5692 7255 6858 1362 6830 7020 3893 9593 
208 9104 7022 5165 3413 4187 1082 3041 4544 
209 3531 7383 7532 9095 3351 4451 1632 
210 6494 6382 2048 6590 1732 209 4250 2662 6465 
211 7660 7638 8504 4208 3595 8819 3420 
212 1771 5990 696 6708 9363 8785 7651 
213 6746 6246 8175 2317 3977 68 5694 6059 
214 1357 7823 5427 6629 3619 5753 9791 
215 4911 6506 6665 877 4696 3179 6629 7177 
216 1663 9588 9747 4050 7783 2230 1075 
217 5377 3931 8542 913 5395 4187 2127 
218 7224 3359 8059 8801 9762 6878 2078 
219 7687 9715 5754 9590 9131 902 390 
220 2035 6824 6577 4509 2063 4998 6340 
221 6328 2385 3217 1161 2836 8835 2998 
222 5158 974 7877 1820 5056 9022 4693 
223 5476 7263 7394 6475 3478 7768 9817 
224 5549 1316 3768 5073 424 5425 
225 6948 2830 9550 8818 9766 2479 5007 
226 6471 8422 4153 9189 2845 2258 319 
227 7186 2800 2967 5874 9526 918 736 
228 5579 7398 498 7546 2525 4185 6035 
229 8817 4827 1909 696 6864 228 2093 
230 1155 8750 4952 7953 7837 3849 5787 1739 
231 6107 2405 445 1269 4509 1404 2341 
232 7453 9566 333 2477 3760 3517 6378 
233 5059 664 3920 1038 9447 2835 514 
234 3247 5952 1592 7768 6572 998 3882 
235 1257 2930 3619 4681 9018 3248 2253 7670 
236 4700 6690 20 7076 2672 7317 9423 5840 
237 2314 844 5611 4735 9058 1318 2785 
238 1194 2042 3449 1324 9962 236 3177 
239 8750 7638 7357 8869 5718 5994 
240 679 6255 5410 4321 3838 3693 1656 
241 3676 8397 4503 2772 1513 3660 8370 
242 5550 5147 8216 8897 5059 5066 4328 
243 1549 4630 4204 4466 1842 7784 4041 
244 692 3917 2363 9471 6488 7915 2281 
245 7414 8808 1529 9329 1382 9508 5398 
246 9895 3667 2521 7990 5665 2461 9298 
247 6172 3759 6796 8785 5711 8584 4686 
248 9752 1732 2379 288 7282 7058 4264 7105 
249 1693 5549 797 3131 3624 6536 8416 
250 4000 7945 506 1038 2061 4576 4240 
251 6167 6562 8737 8076 7223 1635 6784 
252 6956 1629 1938 5835 5994 1468 7415 
253 4138 1502 8774 8669 3565 6601 1107 
254 1028 3548 572 1202 4657 4889 9749 
255 5886 4158 5750 4273 320 1703 7383 
256 6548 7523 9949 3594 6926 3424 8999 
257 4550 230 3816 5314 4806 9258 
258 6645 5736 3536 9103 5204 3952 986 
259 3868 9949 6304 500 7428 9531 2031 
260 4599 1180 3133 7462 2250 5021 4223 
261 7357 1 6181 9321 7098 1131 9084 3772 
262 2297 2993 5725 9546 5586 4008 7380 
263 3605 2588 2719 8619 3196 3761 7745 
264 3959 5646 5625 4119 401 9913 1527 
265 1537 2989 1386 6822 5669 6557 1905 
266 4936 2993 1676 7468 5614 9434 5481 
267 6593 6316 4323 6626 121 9909 8741 
268 2993 9966 1902 3712 6353 1725 8845 
269 222 407 6563 8073 143 8165 2062 
270 6091 2035 4724 6031 414 2949 5554 
271 7687 3037 9983 986 2492 8011 2747 
272 453 1268 4251 1460 1078 5769 8657 
273 2703 4772 8426 5959 1883 3448 7695 
274 9382 9011 4806 5473 5701 3627 639 
275 2848 1688 9386 8178 779 7887 7916 
276 7305 8739 2479 9017 3180 593 3348 
277 8272 8038 5079 8389 7528 3357 9098 2650 
278 9226 6607 1727 7999 1558 7019 1172 
279 9525 2261 8469 7114 98 2977 754 
280 6597 9863 2506 3711 1648 841 5493 
281 7853 2851 5598 9454 8768 2714 9317 
282 962 8872 9365 3187 2083 8559 8714 
283 6854 4685 1777 4181 7723 5220 879 
284 664 7594 1158 6597 4769 6890 4835 9004 
285 1062 5595 664 4103 2472 5297 4278 
286 3698 2372 62 6755 4538 6299 1463 
287 7225 5829 5114 2602 2654 8317 2799 
288 6279 5420 9574 1291 2138 9860 6882 
289 8542 4465 3934 2832 4751 373 3794 
290 5701 743 5535 6312 3544 4014 8278 
291 9472 9508 5159 4861 6169 1115 3585 
292 4461 342 9670 6794 5133 464 7530 
293 8682 9691 224 6533 1388 3026 2819 
294 1854 2354 6845 1288 1294 9774 2306 
295 3440 2886 1099 9929 8292 827 738 6487 
296 9204 9941 1054 1643 4288 2919 212 
297 4656 3769 7953 6220 6109 1968 2024 
298 9128 8944 9373 3881 7424 3467 6624 
299 4120 1716 2688 6826 3682 4388 4353 
300 2296 9053 5681 8469 1967 9469 5956 
301 6971 5571 91 4221 711 7248 2233 
302 7635 1302 4038 5013 7638 3442 1847 
303 500 2076 5299 3198 6557 9715 
304 5769 2950 5084 2494 7265 4920 3764 
305 1392 5924 5616 911 5776 8577 4448 
306 147 3614 2492 2614 1279 4850 6766 
307 6315 1435 1386 9334 5453 3448 451 
308 7724 391 5822 3057 2011 6612 1218 
309 3019 4290 5835 3373 8821 6755 9366 
310 7835 3760 403 5516 9948 4292 6663 
311 1951 7942 6757 1844 3556 2824 7632 
312 5540 4508 6471 940 409 6152 888 
313 9767 97 0 2059 1518 5325 8013 
314 7196 8916 4427 2354 6288 9966 1017 
315 7271 3628 5575 9267 4030 4568 5522 
316 6776 4588 4267 4048 4594 2751 3339 
317 7999 5757 337 6335 7359 3738 8617 
318 9288 6023 7211 161 4927 8208 3908 
319 7010 9981 6397 2575 4600 7908 7748 
320 442 3983 8818 5602 5707 7603 3283 
321 6965 6422 5279 3628 2040 9365 
322 1326 8625 144 1318 7378 1582 5947 
323 3182 9415 6826 1659 3899 9420 5226 
324 2769 4761 2948 8504 7734 9422 7402 
325 7340 2504 2479 8436 3419 6951 5591 
326 3951 423 3921 539 401 3347 6249 
327 5024 5943 7543 8276 4460 4111 4808 
328 6017 6277 4653 2385 7047 8926 4033 
329 923 2689 3980 4090 8413 8875 8938 
330 6121 5542 8963 9455 8866 7352 8315 
331 4291 2276 3591 9882 3000 3246 503 2095 
332 6167 6158 657 491 1399 2691 3910 
333 7763 3057 4578 7201 8650 8691 5558 
334 2436 9475 7378 4186 3473 4976 8427 
335 8835 5447 4270 1671 2585 5159 5140 
336 768 3746 4321 3118 1100 2658 7181 5609 
337 3258 6856 7655 2821 6259 8942 799 
338 7840 7510 9779 416 9158 2332 7294 
339 3246 5290 3826 6085 1530 1078 3298 
340 6165 9941 2272 2703 8525 6318 8997 
341 5975 2934 2759 5032 5937 3257 9020 
342 7211 9571 7157 2296 1438 5976 6589 
343 1703 3143 3973 7963 3611 7642 9269 
344 6713 5675 3536 3573 3979 1203 6372 
345 4650 1725 8047 3771 4166 280 911 
346 741 8791 4827 8479 2140 315 150 
347 6253 6816 1115 8567 2991 8152 3766 
348 4867 2068 7248 8192 1448 4477 4026 
349 8096 3011 6845 6535 669 4435 3953 
350 5093 963 8261 4315 632 5236 598 
351 6245 7174 7712 8742 5252 2086 7490 
352 7648 5336 6183 1108 5325 3570 9021 
353 4366 4122 9779 5289 3730 8769 4128 
354 4181 9170 1620 1196 827 5731 6559 
355 681 2075 5527 2980 5545 1701 2997 
356 2843 8353 9477 6872 3247 8108 9096 
357 6439 1278 5844 8271 9902 6004 9675 
358 5036 8274 8757 7229 4969 2606 8674 
359 416 3347 1991 7608 5653 6929 9266 
360 2089 578 8796 8979 544 5249 6556 
361 9963 9108 4255 1152 1420 4085 
362 5191 6127 4998 9693 3632 4542 4853 
363 7339 3478 9529 9038 6185 4947 6109 
364 8760 5173 7297 6249 9949 7804 6510 
365 6828 8076 6164 348 9437 1294 2596 
366 1783 9856 9981 2821 7303 9210 889 1579 1134 
367 5611 4059 8219 2251 864 4747 4475 
368 263 419 5460 2230 27 9339 6896 
369 2461 8972 5179 8629 611 4032 9595 2787 
370 2780 3816 4902 7287 6002 510 3532 
371 4113 4355 2442 3206 1621 7348 3228 
372 7735 2276 6286 9082 998 3587 2553 
373 5306 4656 1603 315 1313 2370 1927 
374 506 9475 4595 4545 8777 694 3896 
375 6872 11 7925 6012 7625 6093 3588 
376 9389 7168 2381 2851 9617 3851 5477 
377 6794 5139 7129 4017 1420 5675 1330 
378 154 2044 8664 5568 5452 9346 9397 
379 6120 1529 8164 9221 4810 3406 1320 
380 1519 4721 1168 9744 5037 4425 1217 
381 7827 3000 8322 8757 7937 2124 4999 
382 2224 5697 645 4229 8241 806 3887 
383 9118 5672 7877 8767 392 7437 7353 
384 2567 1407 4599 5974 4952 849 5157 
385 9941 9209 7923 8483 187 3778 3325 
386 7107 147 3978 2861 7232 9240 6494 
387 7416 5469 3774 7667 9455 3132 1652 
388 1836 612 3701 9154 4577 4460 1151 1646 3950 
389 5285 2046 8937 9529 3826 4205 8280 
390 958 1304 4634 6392 549 9760 9052 
391 153 4994 1028 7738 8546 2494 6659 
392 5805 7076 2561 7879 6106 2130 5476 
393 8960 5944 9767 9857 7271 1006 7155 
394 9695 6314 5057 9117 7273 832 7560 
395 7580 7774 4387 1062 1882 4158 8052 
396 8779 6813 8199 7201 4090 8777 932 
397 4947 2284 6371 3300 5575 7343 4031 
398 7818 403 8059 8225 6607 4049 5342 
399 414 4279 9762 3962 4961 8075 3152 
400 5453 323 8120 6557 814 9318 6568 2393 
401 4083 706 7843 5008 2880 5227 4904 300 
402 5102 62 4452 3279 6535 7089 9304 
403 7620 9450 5058 8774 907 2364 7690 
404 7371 7346 9784 4599 7999 7299 5739 
405 4058 5011 3274 8283 7264 9799 9279 
406 7322 2620 4061 5285 4408 659 6201 7413 
407 6227 7824 4867 2610 2815 1280 6397 
408 6317 9067 1558 8039 7412 1990 7463 3077 
409 4032 472 8675 4291 2303 2213 3955 
410 7330 5620 9214 1643 0 2664 7785 
411 5450 3387 3473 3357 1462 265 4800 
412 7229 6068 1758 3611 2963 9642 2813 
413 3306 1664 6866 3523 582 4030 8019 
414 7376 4218 5133 9360 7236 2122 5405 
415 6974 1200 153 5148 5974 5829 
416 5705 191 36 5965 579 7417 8033 
417 2620 6316 4825 9339 9514 1102 9292 
418 7327 6846 5667 4829 9864 85 1010 
419 4825 4088 4248 351 6138 403 661 
420 568 8420 3892 9827 3911 5332 9507 638 
421 7555 9597 2482 3780 9987 3185 6038 
422 9728 827 4323 3594 2530 6527 4849 
423 3126 8035 9905 2241 3257 2020 7042 
424 4195 5731 242 5952 3962 7107 5232 
425 2684 7540 8895 7382 5919 1636 9121 
426 9634 5081 4370 4982 8430 9882 751 
427 5364 5410 4479 7714 6286 1284 1998 
428 5686 6273 6430 7286 4388 3848 6845 
429 3181 8399 9588 8001 7271 6366 
430 9890 982 2386 7644 6553 460 2556 
431 3274 3773 9575 5221 6943 905 7081 7369 
432 6121 1899 635 3815 5495 5058 1147 
433 8979 8642 4761 2338 7685 5725 6780 
434 3749 9280 6107 3822 7430 6079 3678 
435 8011 8550 9648 807 3867 9009 
436 5938 8745 5015 924 5853 2695 3123 
437 6704 4120 2727 493 1951 8641 2960 
438 8199 7897 6493 3749 7375 6159 1040 
439 6969 6703 1582 6446 8458 7734 4903 
440 6723 8424 4405 1483 1404 2841 8850 
441 1818 9445 9726 9488 4747 7388 1558 
442 7741 9473 5535 6064 6689 757 6455 9185 
443 2020 9079 806 7741 4059 4153 490 
444 4048 8992 8399 7543 5285 1203 4178 
445 9203 3440 1908 7340 5733 1862 5023 
446 4655 7909 6866 9067 909 5757 3253 
447 974 7346 3378 9450 7345 7047 9611 
448 4889 6561 4922 5298 5573 2861 533 
449 9134 3906 1928 3622 9585 4829 8536 
450 4139 8909 1202 2631 1450 5878 1757 7997 1238 4314 
451 4064 3200 7661 4683 9229 7873 3761 
452 5579 6396 4794 1517 5146 3247 6039 
453 9572 344 7865 6072 1727 7723 7360 
454 1673 5723 2469 1663 9899 4495 7505 
455 9326 6642 2862 386 2572 9331 8806 
456 9647 2631 9250 2606 8942 3971 6468 
457 9812 8215 8178 316 9402 844 7697 
458 855 5959 3324 4848 4374 4956 6364 
459 7927 2606 3394 9033 4331 6096 9748 
460 4663 8633 4076 6763 7738 1545 7472 
461 4335 3217 5613 5051 6493 7118 618 
462 3765 129 994 1022 8436 318 8034 
463 2694 6379 5159 1096 42 6345 1059 
464 9690 1021 8806 8120 6132 4476 649 
465 7190 5332 3205 348 5107 6379 2018 
466 7887 9797 3744 9967 3300 995 3322 
467 9458 632 7494 2646 7793 9434 6449 
468 9919 4519 7832 7512 4655 7723 2680 
469 3940 6202 1107 9546 4495 2775 9118 912 
470 8413 2460 375 7963 3632 6033 7966 
471 231 8458 4247 1135 8707 2695 1119 
472 5016 9417 4383 7600 2689 3928 7497 
473 7112 7231 6764 9763 8737 1507 3333 
474 9099 2065 3209 9278 8018 1946 4987 
475 9011 4163 2703 5013 2351 7273 7616 
476 1576 9694 3518 3181 2367 50 1458 5902 
477 2548 1735 6345 3770 2836 2243 798 
478 2829 4814 3288 2061 8641 6111 2748 
479 2279 7298 1008 5202 3734 4918 7623 
480 8545 1158 810 7793 4947 8006 4910 
481 4422 7002 9251 3224 563 5380 5727 
482 1475 8430 4877 7589 4363 2839 3058 
483 2953 8072 8292 3224 1047 994 1958 
484 6457 7907 7299 8383 2572 1687 5963 8068 
485 1046 9123 3654 7494 9329 2287 8198 
486 2290 1012 6315 832 5121 8607 7231 
487 7076 6572 8244 8783 741 7589 7930 
488 6783 8108 7523 7218 9243 5562 2055 
489 5669 8818 9996 6814 8020 6626 4779 
490 8038 8226 3636 4617 1575 9550 5999 
491 248 7109 9536 3300 4810 3085 9681 
492 2571 1592 2754 419 9092 6379 4875 
493 6422 4318 2514 230 1467 2506 69 
494 4642 9799 8424 2530 509 8923 1945 
495 8559 2200 2849 8424 4140 4644 6235 
496 9154 6444 6422 1768 3692 4862 7896 
497 1331 7843 9651 5220 5392 680 7591 
498 4703 3310 627 6156 531 8792 6267 
499 9897 6132 1474 864 2056 5602 4046 
