500
0 9158 9552 9561 2492 9503 6392 1754 7029 
1 6037 204 6028 9590 636 3592 6367 2637 
2 1184 5537 6337 7505 6379 8542 350 9371 1091 
3 4339 6823 9238 3891 1161 4576 2230 7099 2308 6692 
4 8209 1319 5056 5948 2907 8717 7043 6426 2504 591 8460 9465 
5 9459 3838 5532 2447 386 4088 3890 3926 
6 8427 8637 6529 4388 375 6845 7089 4126 4340 
7 231 2541 3627 7891 8370 1244 1982 1540 
8 7253 3144 8895 1417 1450 7201 1214 1967 1535 2240 3905 5458 
9 8746 5211 2129 8999 3350 3693 2593 4121 1743 5966 
10 1330 3816 5093 9749 3636 2594 8527 4483 1105 9015 
11 8898 1968 7651 3771 4347 305 2967 2714 955 8934 
12 9550 506 1326 4288 7214 4147 8521 9167 6281 
13 9735 5988 4927 1783 5188 9702 4722 9897 2723 3146 8445 4326 1534 
14 1011 5968 7250 1462 147 8141 4438 791 
15 3456 4380 5618 6027 1239 1882 8016 9255 1774 
16 2144 5377 266 6876 5298 5975 5717 1220 
17 6231 1927 9263 7490 3011 5859 1324 1805 3943 9483 6331 3830 
18 9298 5486 5010 2220 7884 6769 8088 5878 647 1956 6054 
19 3834 7220 8645 7628 8633 8627 9245 3195 4377 
20 3200 6010 5590 8196 2243 5244 1824 4902 367 
21 1175 2083 9423 6765 3797 6030 6167 280 2583 2007 1687 7537 
22 8368 5684 7817 2592 3893 5299 3091 882 5339 925 
23 3112 8435 7270 6517 891 6775 423 5578 9453 745 
24 4293 5866 5427 317 3419 9121 4818 9466 616 4176 
25 2845 6079 1115 6371 6958 3253 7581 9395 6467 
26 5025 1712 661 3650 1488 3879 3360 8921 6126 5451 
27 6874 4038 3211 8138 696 2977 9550 6332 7652 
28 7451 6601 7358 1777 8884 835 3854 7420 9219 
29 6832 7540 8735 4090 5191 64 3857 9742 
30 6115 5204 7352 5932 4892 1230 9035 7847 8429 4901 
31 2636 764 5741 22 6474 5829 1188 8721 3981 
32 7412 4991 2498 382 4629 3734 7303 8568 3117 1557 
33 4961 3168 4683 859 8627 1518 3512 3379 
34 9327 9059 5760 728 5680 3459 2776 2024 675 
35 5728 180 5601 418 9108 4600 3388 396 457 8257 2615 
36 2107 6990 2790 8436 107 615 2172 3501 3503 2871 
37 1804 5667 5963 9980 2067 4395 4448 8092 
38 5562 2703 3471 6804 9974 4533 9700 
39 885 3480 4291 6191 4713 4534 3283 4140 3135 707 238 
40 6573 7415 6846 1827 7553 6121 5476 4860 5503 
41 6552 635 7328 3027 7776 846 242 4327 
42 3311 1803 9744 7742 7236 8271 8469 5390 4094 
43 1201 66 3868 9247 2765 4363 7649 3301 6258 
44 4835 5235 3322 7573 1280 5533 1082 1111 8006 5064 
45 7840 8037 359 3194 1595 1714 6997 8063 6376 8624 1710 
46 3885 3678 7910 8567 7690 6135 918 8437 2420 2000 
47 5615 2284 3150 6590 4969 9232 4976 7849 7736 7709 
48 3348 4023 3716 8072 2054 5617 2609 8858 5630 4624 
49 720 2664 7559 4076 191 1662 8689 3964 
50 3859 9419 3587 8246 2722 1513 6368 6857 4134 1343 1238 6101 
51 1768 8850 8566 5453 3978 779 7269 9016 5307 
52 8240 6419 6950 9250 4424 1274 4303 3535 6465 
53 2676 3852 1207 4426 587 938 3398 7870 8793 8183 6613 
54 1033 3257 6157 3794 5850 5937 2012 5373 5917 
55 2150 2217 2672 2157 3616 7446 1727 6147 5743 7413 
56 3420 1398 3287 8226 5325 5425 7587 2475 8167 
57 8911 1320 4171 582 1558 5414 4380 6911 8084 
58 1755 6628 5422 4869 6878 7644 160 5520 2704 7709 
59 9222 3778 8963 7701 3644 5018 7414 8580 3012 
60 4217 537 4552 9011 7986 2186 4136 8042 2192 
61 7307 3442 655 1435 827 8926 2720 4801 5583 9013 1105 
62 6395 2194 8219 2850 2125 563 7140 1362 9032 
63 472 8972 8434 6561 3123 9650 9022 8828 4728 8269 4527 79 
64 491 2018 1403 7493 7897 3498 424 8159 9050 
65 1239 4750 2213 9127 144 9090 5903 8206 9646 4377 
66 6548 3059 940 3625 9363 179 1217 759 3728 935 
67 6312 9912 8976 6890 3111 4425 473 7594 967 5748 2611 
68 5595 2610 1033 277 1764 9647 4955 3119 
69 7317 4856 2614 9526 9693 7937 3153 244 6611 6547 
70 3277 4830 7947 1302 3908 5937 23 3998 
71 1895 5144 8045 2779 3977 7904 1687 1075 802 
72 2235 6000 3551 5325 3741 3662 9833 1622 6025 8227 
73 5787 9220 4653 9104 8665 7580 8972 9374 
74 242 6816 4600 9204 6247 827 2711 4888 6044 
75 9096 5972 263 3933 7326 6107 5573 1032 
76 4721 4115 974 3971 807 3615 5644 412 7296 
77 7923 1010 3390 4610 2622 3815 4981 6058 1984 6986 
78 7873 6443 4083 1547 6299 6577 193 6447 
79 6542 1883 2509 2364 5130 7761 9782 2902 
80 5362 4925 3989 6646 1420 3804 3370 6446 386 8786 4909 9244 9933 
81 8311 2289 3169 3532 9282 743 5166 2556 4726 4462 5917 2240 
82 7417 2078 3682 9035 3030 1759 9156 830 
83 3467 4541 171 8626 657 9140 1030 1674 847 
84 8342 4734 8595 8013 9855 6909 2361 7804 8178 8864 1299 8495 259 
85 2672 9557 6943 338 5398 9926 7493 5345 7355 6067 
86 8727 7784 736 7625 3152 9123 9350 3721 9615 
87 562 5321 7508 297 5729 6265 4538 6319 9007 
88 1792 2190 9454 8353 5592 2502 5862 9021 1634 202 3586 7481 
89 3090 5523 7111 1549 4994 29 9117 9235 5795 1145 
90 4251 3192 7723 6697 9610 4563 2628 2432 148 
91 2275 5073 7468 6837 8629 349 4166 8409 4258 155 1134 
92 9624 2435 1544 1024 6208 7584 4510 452 2475 
93 1161 768 1170 2710 984 6079 8680 7931 9230 
94 9128 712 3085 7930 410 3892 2967 9744 915 5502 
95 6824 9544 5657 6536 5727 3423 3277 7256 2701 
96 6640 1254 1152 2357 2777 5284 2503 3734 4079 
97 4445 2584 8881 8101 2836 4675 6917 8389 9270 
98 8305 5847 9852 4477 9796 1553 4754 2992 8170 9138 
99 6780 593 5511 9504 6003 4632 4872 9899 4937 3543 1670 
100 1021 7208 6273 4999 8675 5570 7605 1686 3054 9013 
101 8281 3840 1600 9520 9455 6468 9064 374 7730 8298 6454 
102 4279 2548 62 3372 4996 9855 8471 7252 5307 
103 1372 8447 2196 1767 7249 2430 8219 3616 9731 
104 8510 7121 4686 2421 3502 1620 7340 2799 7808 9604 8431 2858 
105 6411 5551 6894 5857 7228 2521 7874 2641 6259 3376 6672 
106 6830 4936 9429 9411 5499 3888 5332 8361 3885 
107 4004 4750 3987 7913 4351 1949 8261 4968 6154 
108 4542 1002 6368 2852 8738 8390 3780 3353 6387 6534 
109 3902 1020 3744 6243 3962 9053 4992 760 84 
110 4672 9258 9668 7838 6745 4808 7687 4381 4151 
111 3294 5374 9596 3954 3583 5140 711 4740 3261 9139 
112 9316 8943 2698 3217 6457 8292 4315 4097 6437 4352 3111 
113 2077 390 1845 8080 5246 7345 8927 2663 2691 4923 
114 7686 9729 3 9895 653 337 8560 1582 2264 
115 2931 1102 2330 3625 6522 5820 9999 5103 
116 8962 9785 1107 9434 8543 1291 7407 9103 450 
117 2003 8866 9651 1905 8493 2476 8039 8197 1027 969 3683 
118 4105 9597 7062 3224 389 4503 2406 6005 
119 2935 5624 4861 8913 1844 318 8514 5898 1668 
120 6057 7663 4419 9225 8897 4490 578 4447 4986 7759 
121 9712 4995 6612 1551 179 1207 5136 201 3741 1571 
122 3952 6012 5900 9201 8903 9674 1131 6722 5446 
123 5508 5404 6879 4298 6002 1456 788 9388 9931 
124 1028 5023 6684 8799 9799 1312 8615 5503 
125 7718 2138 2585 7103 4607 331 9863 4312 250 7629 
126 6740 5007 4130 4911 747 3619 1359 8375 
127 2727 6652 8404 1070 4247 6066 7705 8147 2611 
128 6971 2548 3645 333 4508 4383 8119 8797 3376 6895 
129 6278 4048 1180 2082 6013 5809 1635 1049 7782 
130 8969 4769 1813 9482 9092 8545 4485 4609 
131 1496 4264 7089 6382 1877 6066 6349 7927 7760 8234 259 
132 6510 3556 8979 2245 4163 7685 8678 5661 
133 4891 7492 6108 9923 3264 3272 5209 9585 5677 3144 
134 2426 7074 2081 4650 9331 4233 9660 3030 9036 9129 
135 6397 9626 1359 3351 6928 3544 5603 1408 7880 
136 5755 7358 3209 1801 5718 9890 5766 2453 6327 2128 
137 8285 3526 1977 9278 1448 3252 3038 7196 1752 1125 
138 7144 2379 1509 4736 2300 3770 9171 1153 5099 
139 4148 1323 1767 4163 9851 1342 2408 5619 6944 2892 
140 2751 2835 6242 9068 1926 8720 8801 4913 
141 4627 5481 8984 8334 4412 7215 2896 6224 5957 9988 1625 
142 2789 6139 8093 6090 4150 2785 3373 6835 2359 4159 
143 8898 4181 9161 6494 6606 5778 3067 9343 8722 1763 
144 9714 2169 3874 3614 1333 2802 4830 794 8920 139 
145 3383 3808 7327 361 4998 5469 2880 3382 8329 
146 7799 9766 8626 7865 6165 8016 9611 3285 
147 7674 5282 7102 3992 3406 6631 8640 3785 7216 5064 
148 6706 3888 2743 9155 6896 3502 2061 8773 2182 
149 6054 7676 2497 3133 3418 6420 8164 2860 7974 7517 2986 
150 6033 2049 9068 2402 319 961 1418 4296 574 8487 
151 7249 4483 7993 1618 4904 3492 1304 945 6161 
152 3807 294 9686 6339 9072 5107 3608 9522 
153 5754 7925 4759 5382 5320 8654 7547 3723 
154 1230 8703 6700 9304 1474 596 6988 3028 3371 
155 3955 2292 3613 5371 3658 7603 9827 4191 2962 9160 
156 4867 569 2669 7603 4032 1318 8063 6641 2109 
157 4124 5121 6480 6294 6180 9184 5475 6205 6625 
158 5210 9413 5594 7751 8120 6851 3738 6527 4812 5838 7296 
159 9784 9737 4153 1573 7748 4339 7262 4284 
160 7874 2258 9317 5202 1708 6657 3295 7903 2197 6258 5248 1784 
161 1417 2457 9147 7190 7343 611 1000 6931 447 8406 
162 464 7287 9675 4205 6442 1493 6192 7233 1657 
163 2233 8916 7118 4988 3829 7327 6572 2742 3653 8134 
164 2848 8540 8192 9673 3439 739 605 8277 5407 8345 
165 8890 150 6031 391 9346 1976 1357 7949 2499 9129 
166 2083 8404 7534 3324 1203 9126 5769 7864 
167 221 9546 740 913 3851 7113 5371 6777 523 
168 5109 9746 7459 9081 8993 8747 3462 2082 2470 7957 2327 8396 
169 3064 8943 2695 1187 3667 4292 2984 229 5636 2904 183 
170 2032 3125 8864 3152 681 8764 7168 4085 5527 1081 
171 883 8388 9457 7028 97 6125 9513 5537 7295 2875 
172 2754 4115 9774 5881 7935 592 4657 8581 8005 
173 3850 6150 3315 7642 2181 1703 1592 4596 7949 5326 
174 8544 5405 2547 490 8588 1467 6781 3058 2028 
175 8099 27 8869 4976 6348 6917 381 9512 
176 7935 1902 6304 8166 1270 4523 4593 8609 
177 6459 5907 3039 3209 1776 2061 2726 3002 8407 4107 7629 4060 
178 1735 4370 598 4508 1163 3849 4225 5239 
179 3796 2934 9210 4301 4656 833 8459 4714 6967 
180 706 7792 4018 3274 1146 1927 4555 7747 4035 
181 2093 4446 8297 734 3419 7714 3193 8393 5347 8498 5307 2555 
182 2127 8318 8303 5327 7918 5152 3888 6755 3243 
183 4294 874 2291 2587 6761 5573 6055 1269 9233 
184 2951 5634 5176 6231 364 1630 5021 4201 5078 1299 4311 
185 9691 59 5691 4000 531 277 3618 1956 
186 493 7114 2584 8871 5410 2977 2048 8163 7861 9848 
187 5365 1114 2472 5000 4810 2351 2430 3803 2699 
188 1552 98 3182 1558 3974 9339 5723 547 7968 
189 1906 4582 6535 9214 341 1639 4515 8231 
190 8098 6993 5574 1038 7655 9360 9143 9924 6778 447 
191 1059 4187 5575 6395 1266 9017 6951 1273 
192 4304 3293 7840 1881 1432 1733 4406 5462 7120 9301 
193 4457 2504 7010 9720 963 6167 2445 5525 1435 3585 7105 3074 5762 
194 3528 7463 5805 2006 8866 8002 907 5486 6987 2422 
195 9810 8779 8420 7245 3288 9760 1168 3505 7997 
196 1568 9767 3068 4103 5972 49 645 8193 
197 7786 3910 7453 7783 9935 1692 3966 1652 4028 4558 
198 8027 2124 5991 833 1268 4644 1718 8443 6496 84 
199 3770 1494 5460 3778 5208 4322 7192 1757 3757 
200 2015 7801 2551 1306 9802 815 6972 3194 7294 2491 1289 427 
201 36 7475 9642 5909 7281 230 6307 8523 5477 7699 1343 
202 9352 659 7925 975 799 5320 2823 8851 
203 3273 6476 7348 4841 5633 6449 7890 1474 6764 4855 
204 3438 4613 1189 608 306 2461 7943 4039 4539 
205 5075 1431 7567 818 7774 6425 4131 9732 4569 7147 
206 8861 3995 5046 2395 9900 6156 6136 3541 935 
207 7255 4825 7020 503 7642 9529 5934 9142 
208 4248 4256 5852 1766 6422 7277 9221 4243 7762 
209 3531 8008 7914 7741 888 691 9095 6413 7462 735 6095 3316 
210 6494 4088 2928 6430 2843 1604 7592 2111 
211 7660 8202 7638 9366 3595 3851 4208 9505 838 
212 7778 5990 9291 2844 9049 5168 7512 6591 8893 5111 
213 9020 6246 8620 7265 6793 1012 3746 6114 4286 
214 2243 9258 7823 5554 1015 5148 9422 9834 2666 
215 632 4512 1895 3972 2241 6893 998 7770 1904 
216 2291 1298 1663 7559 6457 9641 9333 4045 9224 6827 
217 9565 3931 992 433 5395 5353 5550 2759 368 9129 1348 
218 7224 6845 8059 3359 8213 6878 2702 9409 4034 
219 5754 9715 9111 9590 8714 3788 9131 9584 8131 5715 
220 5692 6824 4709 2035 7357 5008 2062 7246 3581 951 6712 5643 
221 3126 6328 2385 3217 2560 2197 3404 2161 7266 
222 2341 5158 3735 4097 4987 1820 3209 7836 7289 2155 4765 
223 8392 7263 6241 8971 7803 3478 9388 6930 1617 2264 979 
224 5549 1316 3768 5073 6746 7414 4099 1790 
225 2596 5563 2830 8463 6948 1917 1349 4388 7239 4400 
226 1218 1854 8422 6471 9189 7322 5853 5065 8922 7880 5219 
227 1147 7186 3570 2800 7878 9959 3407 7712 5348 1979 7736 2555 
228 3450 8358 2525 7398 8123 498 7546 1914 6351 
229 1909 9139 8817 9460 3373 4827 696 852 9295 8994 9270 
230 7953 2622 9019 3867 4987 9639 4485 9292 4985 2630 3023 
231 445 6155 2680 7383 2405 6107 1404 1640 2346 5899 
232 4214 9566 7453 4042 5792 9415 5153 810 7846 5869 
233 2603 664 3920 1038 4225 5958 514 4196 917 3119 8711 
234 3247 998 163 1958 7768 316 1458 3747 687 6635 4199 
235 1257 2930 4659 3387 1623 5473 8216 5123 3871 4664 
236 2919 6690 1578 4846 5769 7358 4568 8965 420 
237 4735 2314 6072 3828 4846 844 4195 2274 105 
238 1194 1324 7388 2042 9076 9962 7195 4924 
239 300 8750 2061 7638 1899 3440 8869 4780 5715 
240 187 3713 6036 5008 5410 9839 6255 3745 5446 7055 7902 1429 
241 3676 2772 5310 8397 7373 6814 1409 9833 4965 
242 5066 1506 8902 894 9154 2936 769 4704 949 
243 1614 9269 1842 9256 4740 7578 213 4204 8153 9808 5412 
244 5584 2536 4460 6647 8347 4732 3197 3078 6417 
245 2326 580 884 8808 3966 9240 5243 1162 5986 8605 6428 
246 3667 9895 4229 2119 5714 5296 4030 3776 4870 
247 8785 2846 6796 6172 5751 3759 8152 5936 8145 2962 3584 753 
248 1732 9752 288 7058 7248 7003 8744 6178 
249 7632 5549 3624 1682 1693 797 657 8152 4463 
250 4240 5486 3766 7945 3275 1882 2997 4435 8613 7204 
251 7569 500 7472 6562 2157 5646 1108 2006 5885 
252 6956 1629 1468 8177 6607 5737 7415 6757 2160 
253 8997 2586 6900 47 7495 3205 3514 9738 1702 
254 2553 587 2755 572 9006 8926 4140 5785 8140 5783 
255 3325 1063 5287 4675 6624 3086 5666 2281 8464 210 9545 
256 1078 9949 3643 3594 1440 7125 6926 5708 
257 4550 2813 9037 9125 2381 5776 9541 9102 8105 3894 
258 5835 5733 2981 3551 448 7311 7588 5433 8125 
259 8115 5999 2450 7286 6524 2826 9372 5402 
260 1365 6381 8072 5055 5021 8050 8138 1437 3415 1934 
261 1 3772 6181 7523 5562 1865 9321 6094 2326 7 4527 
262 9262 5725 2297 7380 4174 4008 3791 5488 6492 6170 
263 3605 1945 20 4041 8619 5892 9329 3109 1353 
264 3163 5625 3959 2041 4119 7469 8490 2329 2609 2828 732 
265 1537 4496 1386 6822 9864 8064 3846 8410 5003 
266 5481 1676 4936 9531 2841 9393 7031 5749 3894 2773 
267 4215 6593 1532 6316 5806 1318 7601 
268 2993 6066 3712 6353 9966 6941 3555 1725 5494 3602 
269 6563 2736 407 5495 214 222 3473 5312 7486 
270 3558 6091 3205 3598 4724 920 9239 8810 6270 
271 6059 3037 5960 6586 6606 2796 2588 4421 5428 6060 6938 
272 453 4251 1460 8457 750 1771 1356 8657 949 2175 9007 
273 8426 4772 7265 9502 8085 614 6483 6468 3936 
274 1555 5473 4806 7323 4262 1313 5878 6275 6598 4020 3261 
275 9386 7901 1277 5944 7081 4386 7916 7181 6374 6296 
276 2441 9593 2479 5426 7229 5750 631 7461 6189 3753 
277 7528 8272 8225 3043 8685 8923 8038 9607 4910 320 4354 
278 9226 8510 5337 5092 7171 3302 3192 1506 1950 3077 
279 2261 754 9525 8274 8819 7648 1309 3539 
280 6597 8937 1648 5493 2829 1042 7512 9863 9592 3758 
281 7853 9899 52 2851 351 6824 1621 88 
282 3947 6783 8872 962 1027 9365 7881 
283 6854 4685 1777 5220 6565 8714 2880 3202 3080 7575 
284 7616 1158 3401 664 1689 4769 7042 8951 7439 1328 
285 8175 4278 1062 5297 360 7406 2722 763 6537 5848 
286 3698 2386 4046 5084 9725 4538 1233 2462 3113 
287 7225 2602 8158 5227 9484 146 2689 5552 9848 
288 2138 5420 2979 1291 311 8344 9574 6279 1902 7591 1611 7575 
289 1716 8542 4366 3934 5882 4751 8827 4671 8794 8716 
290 6312 9473 4976 386 1989 5652 5782 6324 477 
291 168 9508 5159 3200 5765 8216 7839 6630 5391 2263 979 
292 4461 342 9670 6794 5133 7745 8096 8130 321 
293 9691 3026 2515 8682 224 970 9274 3484 583 
294 2354 4321 8801 7774 1294 6828 3210 8284 
295 6052 2886 5829 1099 2059 8577 3693 4345 
296 9204 212 5840 6455 3424 1054 4288 4724 
297 7953 3291 3340 7305 3016 2378 1626 7118 6863 
298 5214 6053 8944 9602 7424 9743 3940 2826 8051 4089 5777 9199 9265 
299 4120 2688 1716 3077 9168 9554 9054 8950 7418 
300 7155 7026 7741 1998 8430 7577 8330 2918 5393 4799 
301 8019 91 6039 6971 7404 3565 5571 143 7296 7429 
302 7635 6022 4417 1302 3442 7174 5051 5409 3240 6020 
303 2527 2900 500 1210 6345 8059 4118 1285 6807 
304 8198 2950 2911 2494 4358 5769 4920 9403 1339 4915 8958 1287 
305 9067 5757 7070 3280 696 8596 3096 4532 
306 147 3614 6766 2638 1279 6452 6558 9231 7929 4855 
307 5687 3668 6081 1386 6315 7424 4617 649 5251 2064 
308 7152 6335 9634 5822 2715 9334 3896 9621 7698 5677 
309 7177 3019 4290 9291 6776 7368 4758 861 5277 
310 7835 3760 4292 403 4980 4747 2531 625 
311 6350 7942 1951 5017 2824 4331 1509 7133 
312 4223 5540 6866 4146 7194 4427 4887 4274 3316 
313 1938 0 97 9767 9929 7824 3727 6482 1454 
314 4026 7911 1823 2024 5926 9058 9725 9 3837 
315 7271 3628 5403 1171 1545 5606 1519 2607 4314 
316 4594 4588 544 8211 7309 6776 4267 2365 4367 
317 7999 5757 93 6826 9184 2959 641 6676 8387 
318 610 9288 7816 161 6023 627 5851 2925 1940 9930 
319 8069 2575 7748 6397 3180 5363 7908 4638 3715 3172 6141 
320 442 3983 5707 7965 8818 7827 5602 287 780 
321 2296 6183 6965 3628 1811 9365 5293 
322 480 8625 144 3015 5780 7378 5394 5947 4332 8267 
323 5965 9420 3182 9415 4620 41 7381 4033 7219 2340 
324 4761 2769 2948 7734 5203 8597 7544 7624 
325 8899 7738 7340 8725 2479 3860 1694 21 4081 1668 
326 3951 6936 2926 3142 2457 5314 9790 2961 8106 
327 7641 5943 7543 8276 5424 8749 4111 2850 3454 
328 6017 1450 3171 8774 6277 4653 6952 3158 
329 3980 8938 923 7797 62 2689 4090 9451 8600 2349 
330 5590 1021 2550 8117 1136 9156 1284 4149 5401 
331 8428 2276 3591 6689 7510 5170 9824 571 3720 
332 5440 6158 1992 1399 657 7843 2506 4242 638 
333 153 1481 5558 3057 4578 7763 4210 8761 3267 8671 
334 4186 9475 9098 2436 2469 7378 4934 9711 6134 
335 7351 2173 8835 2695 9948 4270 1559 5789 865 
336 2658 1026 8280 3118 1100 768 3746 4321 838 4341 2 
337 3177 6856 5017 7726 9860 688 7235 8705 
338 2787 8049 1647 1278 7693 5994 9811 5864 3739 5279 6621 
339 5290 6085 3246 9828 1530 7208 4466 8319 1571 2288 
340 2465 2272 3794 670 9953 9941 3171 6691 5272 1380 6082 
341 5722 9643 5927 6111 8173 4630 6535 1933 719 
342 1438 9397 7157 7211 539 7697 5261 6461 4253 
343 8342 6626 3973 2941 7963 3611 2867 3143 6250 3043 
344 8023 5675 6713 4291 3573 1350 3536 5548 4901 
345 7223 9450 1419 2279 2200 6813 4738 3316 6458 
346 741 8264 4048 8479 5832 9280 2249 325 9139 
347 6253 8143 1115 8567 7360 173 2290 5676 650 6049 2155 
348 7248 4142 9859 2068 779 216 7377 9014 
349 1224 1681 4522 2336 7464 1656 5535 6852 1352 1353 
350 5093 9377 632 3536 4315 4448 1379 3764 6144 847 
351 2815 5387 8781 8742 9776 1288 6227 1685 3722 9770 
352 578 5336 335 3979 1275 8740 5665 5430 9968 
353 2987 3737 8882 1128 3396 2839 4122 8769 3453 199 4199 
354 5952 4974 8674 1620 1196 4181 4353 5163 9909 5193 
355 9413 5683 2998 60 7359 996 9835 9514 7193 
356 8389 2442 9597 78 5863 909 4124 428 1657 8644 
357 4295 9902 6439 4553 8902 3017 2825 9056 3586 5783 
358 5036 196 8768 3542 5425 7662 8274 1246 
359 416 1991 877 1172 7608 3347 1577 2730 8644 843 
360 5235 2089 8796 7021 9251 2076 6595 9374 
361 9768 4761 9108 8942 5976 9140 4255 476 
362 9266 6127 3632 9693 4998 6826 9570 9172 9075 8470 
363 7339 3478 9529 5779 5960 3525 5653 2329 2892 
364 1646 1236 7535 4189 7347 1520 6394 4408 5070 5029 
365 1467 8076 6164 348 9437 669 7817 
366 889 9856 5032 7873 9210 2126 9981 1826 9993 7751 
367 5611 2251 4059 5706 7912 6096 6179 7028 8841 
368 2424 263 7322 5105 419 913 7926 1978 8159 7545 
369 7695 2338 2572 1258 4263 9779 2045 8732 
370 2780 8863 6002 510 29 401 7287 5419 6608 
371 9106 2821 3536 7226 8132 237 2455 2823 5815 8293 
372 8109 8739 7560 70 4554 7282 7591 4509 4970 6454 
373 5306 1603 568 315 9238 2370 196 3604 6955 
374 6130 694 4595 4545 1304 4781 4589 2913 5182 5445 
375 6872 2712 3793 7231 7308 11 8249 1695 4786 8910 
376 9389 1517 4172 3464 2851 9617 9076 1391 5437 
377 2181 5675 4128 5139 8501 9472 3599 1423 116 
378 154 2044 8664 5568 1451 2991 6050 5738 8618 
379 2778 1529 4736 7611 7976 9747 3655 7798 7888 3584 
380 4721 9935 1168 3084 7702 9996 2336 9706 8157 
381 639 7174 4113 2152 9935 3000 3404 7059 8859 220 3877 
382 5697 5100 4711 611 4542 9914 7697 6309 1149 
383 9118 7353 6132 8767 392 1485 5672 7136 3537 2013 
384 2567 1407 4599 8416 7503 679 849 1383 5006 
385 413 9209 8483 7680 9941 7923 9882 4821 200 1134 
386 7232 6507 147 3978 2861 6546 8073 276 935 
387 3774 5429 7416 5469 2253 7667 1109 1344 8722 3377 
388 4577 612 3701 8432 1836 6828 6103 4460 4501 
389 5285 4908 3711 6171 8975 4231 7129 1892 
390 958 4544 4634 9052 1304 3298 8846 3076 2900 7001 
391 7740 3058 4994 153 6165 8546 6720 1466 5855 8212 
392 4696 6506 5805 5535 956 4850 4451 293 
393 1670 7752 1006 3921 8960 8558 1673 5941 1322 8081 6404 
394 9382 9695 7588 5057 832 440 479 
395 4387 7787 4865 5059 1180 4135 4158 2963 6705 5341 7699 
396 8779 3256 8186 8199 7201 7122 6109 932 8068 3106 1383 
397 6064 3563 9417 1507 2973 9038 4509 9739 9197 
398 3283 2221 4071 2960 7818 4049 3216 5256 1924 6187 4341 6538 
399 9762 4961 4383 4867 4279 7497 488 7001 
400 5097 323 9318 814 8359 6568 593 9242 6873 1871 
401 706 4083 1844 4181 4185 7025 6337 5492 311 3521 
402 5102 4178 9320 3279 4752 4452 3048 1102 4422 137 2155 
403 7620 9450 7690 5058 5533 7470 5610 4489 1572 
404 7299 7346 7371 5333 458 2838 6531 2687 2868 5400 
405 5011 2719 1893 4058 6626 8283 6287 1734 6021 
406 2017 9279 2621 5342 2620 1361 3600 7198 9094 7837 16 9931 
407 877 1861 7824 6245 2367 7401 1052 6176 
408 2031 6317 9 7723 4484 8903 5701 5275 
409 2130 8317 3191 8475 4019 5538 2219 9028 6869 
410 7330 5620 6035 7560 429 1643 7527 4594 6415 2491 9301 
411 5450 3588 4716 4518 3977 265 2075 4323 6464 444 
412 3735 1758 7229 3654 6068 4499 4496 3883 
413 8617 1664 6471 3523 5001 582 3306 7732 
414 4218 1939 7376 3851 624 5133 3663 8394 5229 6170 
415 4251 8555 6974 7724 312 7873 1200 1348 4326 
416 7852 191 4031 5705 8108 8056 3332 9705 1765 4619 9573 
417 9292 5886 3518 5292 6316 2620 4221 387 3827 2685 4531 
418 9864 6846 7327 4829 5667 4014 3001 1962 4170 5962 
419 5825 8383 8697 3660 4000 448 3884 1014 4586 
420 5607 1098 5332 9827 8972 6548 4565 7465 522 7206 6134 
421 2482 2134 7555 8375 3185 1890 85 1632 8341 
422 9728 827 8952 3594 4849 8718 9987 2285 5962 
423 8122 8295 7234 8035 4757 6665 8957 9905 9196 2140 5240 
424 4195 5731 1308 8230 3892 3911 2530 3381 7713 7883 5458 
425 2684 9028 9747 7382 3867 8915 4016 5409 
426 9634 5956 7713 9823 5081 4982 7791 3896 1483 6717 7736 6611 5326 
427 1558 5364 5431 2500 8033 6504 1630 7134 
428 5686 6015 6273 5015 3848 5711 2918 4530 2818 5880 
429 3181 3339 8399 9588 7022 844 6366 7795 
430 2005 4779 3130 8383 2372 982 460 4556 9420 139 
431 3097 1127 5079 4483 4956 8536 7484 3422 7815 
432 9507 7427 9131 6121 5701 7223 7785 7699 7438 
433 8979 8642 6364 4693 9067 7685 3413 9914 5386 3982 
434 3749 6893 1151 3822 652 7197 421 1235 265 5112 3074 
435 8400 8550 8011 8274 9648 6733 5919 9831 4985 
436 636 5202 7552 8397 1825 9853 6964 8263 
437 7463 5085 5883 1398 6704 9099 2727 825 7057 
438 8199 2544 1416 2949 9161 3749 1137 1643 860 
439 6969 6703 9622 4794 8517 262 4792 9133 205 
440 6723 9330 4405 3132 8424 5614 8983 5013 
441 1818 4897 9445 8113 4376 9488 9575 6609 8982 
442 757 6119 7741 5231 6589 4674 855 2922 9722 7456 4437 
443 2020 9079 9963 9300 6493 806 751 3762 3783 3232 
444 8462 8992 6414 7543 5285 8399 3676 1519 6470 8043 
445 8162 5925 1908 9203 7966 7743 4499 8845 7205 8812 
446 4655 7909 6866 3314 9477 2671 7162 7522 1248 55 5359 
447 9571 7346 429 4718 3378 8650 2770 6196 
448 9161 8942 4883 4846 6527 5350 8804 613 
449 9134 3622 3906 4942 2963 4116 4552 809 7426 
450 451 8909 1202 2631 5447 9818 4139 9619 3032 
451 4064 4328 9229 7661 4683 2971 4906 8061 3232 
452 7279 9093 5146 5579 7168 6396 8851 2707 5880 1476 
453 7865 344 5940 9572 3014 4386 1565 3924 
454 5974 5226 7662 9454 3423 664 8278 9903 
455 6642 2862 2572 743 9373 9683 5346 1179 2983 4180 
456 6659 2631 142 6663 2606 2872 4394 1672 9757 
457 9812 8215 5299 4073 9280 4370 7187 7290 
458 8208 855 3324 5959 4848 6518 7567 8586 
459 8387 2606 7927 3394 8973 3389 4182 864 5312 5258 6737 
460 4663 1059 7611 6763 4076 9568 5252 291 4340 1260 
461 6357 3421 1450 5683 4648 926 845 6516 4679 
462 129 3765 7790 8691 4355 763 6252 3334 3681 9842 9075 
463 2694 6379 5159 1096 7530 42 1908 2643 
464 8075 7877 9690 9018 4782 8806 482 9749 8105 8491 
465 8010 831 8118 2133 8213 6286 6318 4177 1752 
466 9797 9967 3744 7887 1294 3300 2004 8116 
467 9458 1191 9434 4153 5856 2646 5399 667 9533 8130 3936 
468 8032 6686 4519 3988 6599 5252 8757 8762 5141 
469 9307 3826 2959 7785 2478 8310 2069 7480 
470 8413 2460 5156 3632 3548 6221 6763 7963 3836 
471 8707 8458 4247 1135 2417 1424 4688 9122 4752 
472 5016 9417 7600 3928 8075 7430 8241 7395 7586 
473 7112 7231 6764 9763 6645 1507 8357 2256 2100 
474 6202 3286 414 6343 6078 773 8018 7494 4133 1401 
475 4875 5739 9011 2703 3624 8272 3041 1536 5504 
476 1576 9694 3518 5342 9308 5392 1597 2367 7771 7997 
477 1281 5929 6345 1899 1928 6488 7069 953 924 
478 3288 3349 4814 2401 4907 2759 3333 2748 6433 1208 
479 3128 2279 7298 7305 6378 1008 3242 6299 1625 205 
480 3440 5522 7362 810 5691 9366 7793 5035 352 6216 
481 6505 9556 6342 426 6382 7046 6882 6423 
482 9791 964 1475 8430 7589 4646 8328 4525 6062 399 
483 2953 1047 2436 6708 9595 460 5012 783 
484 380 7907 798 1599 9003 5179 7784 7299 4667 1199 3099 5322 7240 
485 1046 9123 3761 3031 995 1946 8010 9701 5445 
486 1313 8443 7954 4621 8390 6315 8704 1457 296 3163 
487 7076 6572 2224 8244 4560 2494 8758 7413 
488 7218 2055 2764 7181 9243 6019 4700 1087 3997 7606 6424 8491 
489 7510 8818 5669 7794 2228 8020 3887 1710 
490 2582 8038 581 5561 9657 8328 8974 2099 6503 
491 9447 4856 3649 7066 4947 4183 7119 3083 9178 9990 
492 2571 3942 2754 419 5958 6379 1592 1945 9573 
493 4903 4318 2514 6422 9326 2287 7533 4824 9834 3521 
494 792 4642 9954 8424 7195 6529 339 7301 4007 
495 8559 2200 3069 2996 1897 6858 9079 336 3784 
496 9154 6444 3692 1881 1897 5024 4583 4624 
497 5865 7843 1331 5220 9170 1677 2523 6739 7078 
498 4703 3310 6501 9934 8792 3392 442 6065 4531 4985 
499 6132 9897 7523 6653 5712 2425 5786 3338 3395 
