100
0 18 3814 6614 76 194 2498 322 2482 129 1208 7688 242 111 5246 36 882 1687 220 456 540 
1 0 1 3 2 4 6 10 5 12 26 75 85 25 13 50 22 64 76 40 59 34 7 17 43 15 
2 10 17 24 36 13 47 11 39 23 26 320 49 111 200 54 48 53 293 76 9 66 1953 1642 6504 35 
3 2942 8444 768 337 144 433 304 9711 71 1991 73 6990 1071 127 125 170 188 799 2398 1461 1130 
4 173 106 160 8428 514 200 2098 7122 2195 562 1582 6205 1377 2052 818 1465 6629 2566 580 2235 52 
5 34 25 47 452 39 32 93 15 109 105 23 97 7 81 31 254 1740 22 169 99 124 53 86 19 
6 465 283 1514 133 202 1489 55 169 153 2951 109 81 2415 242 35 41 826 1213 64 314 378 3379 
7 3 10 11 13 130 50 21 39 48 116 51 59 215 133 91 24 205 49 66 124 819 20 
8 24 41 42 52 67 2308 430 29 18 11 71 950 278 48 54 33 9085 234 160 470 283 369 411 88 14 
9 0 1 3 2 4 10 33 12 6 25 26 75 20 24 31 43 64 23 32 109 49 52 13 18 
10 3 10 13 17 25 11 31 34 18 32 39 1424 36 59 15 153 81 43 22 127 42 49 134 23 
11 4 34 46 64 29 90 43 51 226 48 430 93 491 35 194 101 105 1092 470 45 479 20 
12 0 1 3 2 10 4 6 39 12 5 13 47 26 49 188 32 40 20 18 116 43 16 59 95 9 138 
13 1637 109 113 35 571 5120 124 1677 226 1261 52 2737 5604 1865 31 1105 320 2664 533 42 
14 34 17 25 11 40 94 32 7 452 67 143 1694 47 130 168 492 15 201 124 543 35 113 1053 79 
15 0 1 3 4 2 6 12 10 33 34 43 11 18 59 5 17 66 25 39 29 64 205 15 20 7 
16 98 186 380 276 1709 9295 3660 18 1576 5417 2247 2078 916 492 77 68 143 195 142 456 30 56 
17 4 46 29 94 435 237 60 23 1185 186 87 5027 9798 85 3488 493 580 759 1710 122 14 2355 
18 4 5 33 31 59 108 42 18 109 29 40 77 46 66 48 213 546 128 12 68 50 51 7 15 
19 188 128 1427 904 48 724 203 269 105 100 8006 980 633 22 134 174 67 64 14 529 4120 30 82 
20 0 1 3 10 6 12 26 11 33 17 50 49 59 36 75 23 66 22 48 491 42 25 15 29 44 
21 0 1 3 2 4 6 10 5 12 77 16 33 64 18 17 47 50 26 85 20 127 202 54 40 15 
22 0 1 2 4 3 12 6 10 33 5 46 29 16 68 76 47 26 89 40 31 18 25 7 17 15 21 
23 0 1 4 12 33 49 17 53 276 32 67 129 6408 127 3324 2479 218 579 2568 99 55 
24 0 1 3 4 10 6 31 39 13 91 18 26 11 36 42 47 32 17 50 128 20 52 116 124 
25 101 49 22 13 91 93 25 602 241 130 36 18 425 32 21 463 26 29 433 588 227 514 7 14 44 
26 0 1 2 12 10 39 47 105 418 21 111 124 222 71 16 49 502 7 128 81 50 108 44 
27 10 34 59 25 24 17 18 11 16 29 124 165 215 47 13 20 586 52 1588 94 1037 23 15 22 9 
28 234 83 64 67 478 81 21 44 133 38 91 294 14 39 60 1999 258 217 1865 105 36 588 1713 9 15 
29 153 780 1461 113 67 163 287 1389 4211 52 6661 571 437 278 9357 1545 551 360 1228 40 57 
30 76 314 109 418 610 247 5792 2522 6696 9471 46 347 6044 801 2156 151 8871 945 435 1033 
31 0 1 3 2 4 5 10 12 6 39 18 13 36 17 24 16 29 59 105 32 11 241 47 34 15 7 
32 0 1 3 2 10 6 12 33 25 13 24 18 34 16 31 281 32 47 23 17 527 11 20 22 39 
33 3 13 16 24 12 49 39 43 46 33 25 47 76 141 14 51 87 1211 109 262 222 381 21 
34 10 18 24 1007 936 89 366 53 45 26 369 29 68 14 91 337 43 46 41 254 226 237 60 
35 26 111 137 97 483 529 295 55 59 953 1752 1165 3560 350 3236 297 1909 71 2581 186 1504 
36 9798 712 100 43 336 30 80 1698 1886 40 296 20 6980 5502 9 3808 35 676 556 4654 101 7748 41 
37 0 1 3 2 6 24 5 34 25 16 33 32 64 1233 54 26 412 13 31 46 76 19 17 42 77 14 
38 106 293 2095 248 225 470 153 30 77 1759 141 2567 906 137 364 1329 66 1064 945 54 581 876 
39 0 1 3 2 4 6 5 34 26 46 12 17 33 16 31 50 49 25 75 22 186 113 99 7 14 9 
40 5731 106 30 259 405 582 1053 7606 36 3488 9561 68 527 521 248 328 4642 292 463 95 9 
41 0 1 3 4 2 6 12 39 5 33 25 64 40 59 52 50 16 34 31 7 51 17 11 13 67 9 
42 0 1 2 3 4 10 6 5 26 20 93 11 32 13 17 18 19 29 16 34 213 293 94 31 33 30 8 
43 470 95 2211 2611 4680 633 53 105 2195 213 8512 813 1435 116 30 4016 772 474 8421 3828 1147 
44 17 21 127 250 50 311 22 136 51 42 59 49 381 79 2312 806 540 7979 75 2568 1886 38 
45 2 6 12 5 29 11 17 25 59 26 43 33 7 108 47 99 16 105 22 71 38 23 15 89 13 239 79 
46 0 1 3 2 4 12 5 25 6 22 130 24 51 10 20 47 18 13 53 493 1057 99 142 81 23 7 9 
47 0 1 2 3 4 5 10 39 48 22 24 12 34 7 85 49 71 93 46 521 283 50 23 17 867 
48 0 1 3 2 6 10 5 13 34 39 25 68 71 48 124 134 76 11 79 483 116 7 6549 14 9 
49 0 1 3 2 4 12 6 13 25 29 11 39 23 49 52 16 20 7 94 108 42 51 128 89 53 14 58 
50 49 52 20 36 514 1574 48 53 251 9556 2096 1237 87 2469 1710 50 6642 3343 322 407 11 
51 0 1 3 4 2 10 6 5 12 11 64 18 13 24 33 116 34 26 17 45 143 109 22 7 53 16 35 
52 113 1588 124 603 5524 3761 447 418 133 676 60 5144 883 2625 987 6919 1899 269 689 4415 
53 0 1 2 4 6 25 26 46 20 91 100 24 105 15 246 360 54 99 48 67 136 677 225 180 14 8 
54 76 99 40 66 53 180 144 20 42 174 133 77 29 136 225 124 150 1426 89 100 463 14 55 11 
55 0 1 3 2 4 10 6 5 12 13 11 116 34 17 18 26 49 2456 25 51 30 43 94 16 15 7 
56 0 1 2 4 6 12 24 40 16 33 50 45 25 46 34 29 22 35 7 105 292 104 108 75 122 19 
57 5 25 11 43 77 116 936 68 7 49 100 1107 205 89 94 689 41 136 75 456 83 127 38 
58 128 7 514 124 36 1827 60 179 41 93 77 9 76 586 59 6055 3973 113 1866 579 9175 178 
59 136 75 22 605 167 323 56 19 1071 142 125 6036 111 174 80 1264 3962 7805 5173 1066 3226 9137 2295 
60 43 412 83 101 32 1213 22 75 685 317 194 156 753 347 90 3484 4240 2014 293 322 130 
61 5971 89 21 295 202 798 266 45 1996 75 2117 9566 7981 1837 3594 987 41 565 1071 1815 20 
62 2 4 12 33 174 13 31 49 17 16 26 75 53 56 498 101 76 14 128 100 40 99 111 22 35 112 
63 0 1 3 2 4 10 12 24 5 34 6 13 33 59 99 16 11 29 36 77 55 26 22 109 7 20 14 
64 4 33 13 81 904 18 89 7 226 60 163 142 188 90 8004 99 576 185 351 7231 2551 264 209 45 
65 32 21 177 165 93 2235 257 181 392 108 217 169 87 630 433 53 71 430 94 88 8567 38 7 
66 10 18 33 12 22 59 11 24 43 51 23 181 20 46 4019 724 5915 215 394 774 801 505 
67 0 1 3 4 2 10 5 26 29 32 40 18 16 36 42 39 50 31 71 7 129 77 87 89 100 
68 18 11 20 75 124 194 254 42 113 223 81 50 60 34 447 217 66 35 533 514 24 851 106 14 55 
69 113 433 3499 171 317 85 26 588 3249 4428 234 209 283 237 335 1197 22 4824 248 200 91 
70 180 89 203 5492 50 42 91 344 582 317 174 2224 19 202 73 1857 1511 752 758 248 150 7 
71 0 1 2 6 10 26 36 33 20 48 16 93 68 15 22 105 200 559 202 13 437 60 306 98 
72 55 251 477 70 174 248 724 202 2473 4404 581 347 559 1755 220 2135 213 1216 6820 41 
73 693 317 4151 127 9547 220 3528 452 1866 2247 916 380 38 5479 149 2878 1614 753 502 
74 5 29 16 31 67 170 51 242 39 64 66 93 53 36 85 165 169 48 15 200 2014 124 14 9 
75 6 5 43 10 18 34 32 24 17 16 94 7 68 124 42 109 5855 76 259 752 276 39 97 15 8 
76 0 1 3 4 2 10 6 5 39 50 12 16 33 24 104 46 22 66 13 36 26 381 556 31 869 
77 90 6357 276 317 222 1373 237 4716 1366 405 806 4138 52 528 7231 302 
78 40 225 397 143 32 31 509 381 248 2165 9 5625 6171 100 21 4477 753 99 3989 799 174 14 
79 36 220 156 4752 3548 1021 2096 6662 141 9041 38 1499 75 816 153 682 4362 338 47 118 
80 10 12 17 31 15 16 23 239 7 22 75 109 67 108 127 24 81 2458 76 227 50 40 553 77 14 
81 6 16 381 200 71 20 93 127 311 68 128 94 75 5170 99 4386 144 1367 85 38 52 8 14 
82 6 32 16 29 94 49 101 165 46 36 67 136 718 186 21 1844 113 1424 259 5144 502 9 455 
83 0 1 2 3 4 6 25 39 5 13 59 11 42 75 34 32 46 67 50 127 43 144 23 21 44 
84 0 1 3 4 2 12 6 5 29 47 15 22 51 16 94 43 20 53 86 75 143 26 3320 99 38 7 14 
85 53 113 232 297 106 163 66 68 130 174 179 14 384 40 94 56 75 217 46 559 939 1687 9 
86 0 1 3 2 4 10 5 6 13 11 34 71 25 16 50 18 7 93 26 23 87 53 67 66 47 98 9 
87 49 116 91 186 251 150 109 177 180 437 104 169 128 124 3593 6779 99 241 52 669 
88 68 25 51 26 100 45 42 113 278 22 24 796 209 54 153 239 134 250 714 1071 452 173 9 
89 315 912 68 15 447 51 100 59 89 553 8843 35 12 337 76 169 2987 70 77 9061 1318 38 
90 0 1 2 4 10 5 12 6 17 47 24 21 34 15 33 287 7 127 32 43 116 31 23 141 16 90 
91 3 5 25 67 124 66 43 52 30 209 85 41 14 452 113 3208 77 60 38 1982 55 338 111 20 70 
92 0 1 3 4 10 31 25 50 40 46 399 100 169 165 108 143 21 41 130 67 71 14 38 9 
93 87 772 328 470 68 2924 412 9556 38 276 363 1515 7243 89 2408 2224 213 326 1919 36 
94 77 22 2286 189 294 128 45 2850 174 127 581 470 52 1991 295 1663 2720 209 5306 576 86 
95 26 36 143 50 45 22 405 41 68 2102 53 1375 84 106 79 4300 796 116 460 54 2496 186 5119 284 9 
96 153 1563 1247 1203 605 786 723 724 104 772 362 4182 21 91 1849 143 844 5382 350 2720 106 14 
97 0 1 3 2 4 6 12 10 5 39 34 46 13 43 59 33 40 26 100 168 29 31 18 
98 0 1 2 3 4 10 6 12 5 26 11 43 18 40 25 39 52 75 20 17 31 24 41 51 29 16 
99 4 6 12 18 33 24 15 29 32 94 51 100 91 26 67 75 20 101 579 5359 194 14 4683 38 9 
