100
0 43 201 141 129 210 33 4738 225 36 194 79 239 397 111 56 1071 122 1189 6779 6614 3223 505 55 3814 663 377 
1 0 1 2 3 4 5 6 7 9 26 12 10 14 22 15 13 19 8 17 41 11 65 85 88 75 25 37 40 50 76 24 52 54 21 126 
2 3 5 9 10 11 17 13 7 23 36 24 47 54 32 39 97 103 26 102 320 69 65 44 637 53 111 56 110 48 200 70 52 76 259 155 
3 533 113 165 124 122 83 52 97 54 851 71 44 67 364 35 125 217 903 514 77 768 1064 105 78 551 249 5350 
4 217 433 157 779 2195 1863 1336 1956 891 2098 1623 1843 2132 2706 76 200 1582 8428 514 689 8401 1950 7122 3689 375 
5 7 9 15 25 34 23 30 97 37 47 86 452 51 109 31 105 93 411 73 500 178 215 81 101 35 538 157 135 631 36 90 160 107 193 303 
6 76 1489 40 70 88 151 38 128 135 172 197 724 119 465 65 78 170 733 81 148 457 491 72 141 110 394 123 1033 314 249 283 146 83 455 86 176 
7 2 3 11 5 21 38 30 130 50 24 48 89 51 97 56 157 118 205 133 156 91 36 459 57 74 116 119 59 98 42 195 63 
8 64 42 56 38 18 30 2308 34 59 436 43 35 29 74 178 67 1588 27 98 16 596 48 23 54 234 110 1037 71 369 151 158 28 
9 0 1 3 4 8 9 6 13 10 20 14 19 28 23 24 33 26 21 22 25 16 75 52 32 46 17 31 64 62 189 56 45 176 69 725 
10 3 13 11 17 10 15 25 18 14 31 22 19 32 26 34 27 37 61 36 39 30 203 42 59 81 35 72 134 1424 153 371 152 332 679 
11 34 90 45 20 236 55 29 64 72 79 653 112 201 38 48 167 83 65 204 1558 118 84 142 226 139 116 80 131 535 543 43 229 117 194 195 69 9798 123 290 737 
12 0 1 2 3 4 6 5 10 9 13 7 20 19 12 8 39 16 11 14 18 23 61 32 26 17 82 28 95 88 40 47 63 22 188 54 121 62 
13 320 45 241 72 533 31 51 294 109 463 1156 74 3324 226 2546 1042 1293 1490 1948 140 1677 55 113 124 409 
14 4 3 7 10 11 17 12 34 15 25 21 40 35 32 19 46 27 28 168 143 749 94 121 72 1694 253 452 130 47 102 137 114 1046 429 355 
15 0 1 2 4 3 6 8 11 15 5 10 7 12 21 17 18 14 34 33 20 43 84 88 45 280 66 29 38 87 32 22 205 193 138 
16 220 115 186 231 201 4752 933 435 380 234 3548 264 848 2522 5792 5222 9295 807 110 170 143 1576 2156 6031 8365 
17 4 8 46 29 60 28 62 64 61 122 435 119 363 94 65 1185 84 237 87 249 74 33 186 85 5760 493 42 144 245 946 56 78 95 252 
18 4 7 15 31 33 42 29 35 40 26 59 108 20 109 384 48 77 43 66 12 546 46 267 51 118 60 1222 121 
19 128 980 48 86 67 43 271 1427 188 49 293 222 517 41 158 904 66 142 124 351 62 175 168 231 131 1114 339 269 109 114 
20 0 1 2 4 5 7 8 11 20 9 12 14 27 15 26 23 30 13 22 62 36 50 49 35 331 21 80 61 66 97 42 1638 75 48 31 712 111 5526 176 1290 
21 0 1 2 3 4 6 5 8 10 12 7 9 14 28 20 17 15 18 22 21 19 33 77 64 16 82 83 26 27 13 44 50 47 40 69 907 
22 0 1 2 4 3 5 6 7 12 9 16 8 10 15 13 29 33 18 14 46 28 21 40 17 20 23 68 11 38 47 26 117 55 63 69 138 27 859 
23 0 1 17 53 49 13 35 55 58 34 46 218 32 39 107 139 129 52 429 67 611 172 136 275 33 276 70 572 270 158 57 135 4336 126 
24 0 1 4 5 6 12 10 8 11 31 13 19 18 14 28 42 20 36 15 17 39 82 32 21 35 30 52 91 56 125 22 50 44 80 74 65 120 
25 11 101 602 425 127 49 36 202 161 35 38 283 32 227 91 25 130 37 29 26 93 383 567 54 83 23 469 400 
26 0 1 5 17 10 23 16 39 47 24 161 81 28 111 71 222 38 105 418 87 250 128 669 502 63 50 110 131 1434 
27 6 8 10 11 17 34 15 16 18 24 20 23 25 59 84 27 29 19 47 33 107 57 32 164 122 77 165 89 124 41 100 69 
28 33 31 60 161 81 105 213 57 444 21 36 258 67 135 294 133 56 91 489 52 75 80 1137 815 1008 349 262 197 1865 104 63 2385 
29 446 306 132 4088 200 559 887 35 264 551 67 142 1389 250 153 287 350 437 113 85 143 66 9357 370 92 
30 93 2014 169 275 109 418 142 43 145 144 378 3604 58 588 505 95 5412 101 133 884 149 184 1002 46 419 954 
31 0 2 1 3 5 4 6 8 12 7 10 18 15 14 11 13 9 17 24 16 19 29 36 20 39 61 32 58 27 55 84 21 144 22 26 96 28 69 74 554 725 
32 0 1 2 3 4 6 10 7 9 12 8 13 23 11 14 16 24 18 17 20 32 34 21 25 35 47 57 19 41 281 83 31 44 121 138 468 
33 3 4 7 8 9 14 13 16 24 39 49 57 25 35 21 46 31 73 43 56 19 157 47 41 76 36 33 51 203 107 34 118 1917 
34 5 24 45 58 178 53 1007 89 31 77 43 29 666 19 39 1228 59 369 936 34 168 519 28 100 22 3222 52 73 146 554 
35 108 123 94 763 89 128 70 122 111 87 118 45 107 425 350 190 1150 297 419 71 38 8973 1752 3236 272 483 88 
36 37 59 120 125 149 107 1052 102 46 296 56 40 100 146 1481 119 137 252 187 9798 43 89 158 242 676 169 647 101 336 1919 634 406 
37 0 1 2 3 6 10 19 8 16 24 18 14 54 25 34 32 41 21 27 11 17 30 13 33 155 26 64 60 1233 69 50 42 57 
38 66 1991 9711 337 1759 8444 502 4630 1424 60 1054 1844 839 906 5144 475 1329 2360 641 2078 1606 75 271 
39 0 1 2 3 5 4 6 10 7 8 26 17 14 18 34 16 46 22 33 32 12 11 74 38 50 31 86 25 21 15 56 879 
40 88 53 204 254 439 298 210 48 6025 214 329 5731 7606 202 3915 1039 1740 150 1503 161 2327 262 174 3488 247 218 1601 1790 
41 0 1 2 4 3 7 6 9 14 8 10 12 11 16 52 17 39 25 13 18 40 33 20 15 109 63 35 64 50 26 37 27 
42 0 1 2 3 19 6 4 5 8 11 20 7 10 13 18 15 26 27 17 29 30 16 9 44 37 32 118 63 34 93 35 234 293 478 58 62 
43 916 753 474 248 619 124 2473 2160 115 685 2052 2025 2195 589 214 3038 1232 66 8629 1304 2924 755 172 152 189 2424 3484 
44 51 39 46 42 30 68 37 115 200 97 165 136 305 50 170 579 57 194 447 237 91 201 40 239 532 952 1070 309 
45 2 5 6 7 4 10 11 9 17 15 29 8 12 22 57 18 23 38 16 21 26 35 27 30 59 43 79 19 58 70 33 108 42 45 397 225 69 155 114 309 1954 
46 0 1 2 4 3 5 9 8 22 12 6 7 25 20 23 24 13 110 18 19 130 27 51 11 142 54 28 53 17 55 83 47 493 14 15 409 485 1502 138 
47 0 1 2 5 7 3 8 15 14 9 22 23 37 10 24 48 17 31 85 45 71 78 34 57 18 88 43 110 180 35 38 84 93 138 225 166 
48 0 1 2 6 5 7 13 19 9 16 34 11 30 39 48 79 25 71 74 68 103 134 41 96 164 76 24 51 233 398 38 2041 31 184 1384 
49 0 1 2 3 5 4 7 8 12 11 14 9 13 28 23 20 29 16 52 37 27 97 55 61 22 137 42 49 39 53 21 51 63 26 64 72 7718 114 
50 52 56 87 127 36 43 89 49 54 53 60 412 48 261 817 70 259 44 80 63 62 96 251 1857 121 160 150 1574 7773 120 178 158 
51 0 1 2 3 4 5 6 7 11 10 12 8 9 13 45 18 14 21 17 24 35 15 22 64 28 20 16 26 27 33 117 30 41 34 143 78 
52 127 603 311 339 4096 6171 95 498 676 6689 310 7979 6001 5524 365 270 229 8056 2625 1361 5299 2165 269 2190 2312 2720 
53 0 1 2 6 4 8 9 12 15 26 20 23 13 25 54 55 46 70 45 84 114 100 72 48 91 121 246 360 136 105 180 61 82 927 138 176 
54 59 53 42 23 45 41 40 241 76 902 66 445 52 144 451 29 72 136 82 224 578 58 30 77 158 521 193 115 133 37 1426 168 110 114 
55 0 1 2 3 4 5 11 6 8 9 7 10 30 13 15 12 14 18 17 16 19 27 26 21 37 115 183 34 51 28 116 20 49 24 25 126 410 
56 0 1 2 4 6 7 24 14 45 40 35 22 27 50 37 33 122 29 25 46 391 34 104 203 112 59 90 168 108 87 
57 2 4 7 11 19 14 27 28 26 38 41 77 83 43 171 68 100 116 69 53 49 936 205 1107 89 689 62 102 136 107 216 3661 145 117 126 
58 60 36 128 280 84 119 520 72 55 144 366 172 254 289 162 978 179 171 337 760 514 101 1827 118 93 499 472 124 74 2291 
59 60 479 105 163 6408 323 111 24 127 2479 1264 3843 8601 1728 203 2295 225 605 470 1011 769 579 902 
60 85 132 156 238 58 43 412 84 813 101 74 75 99 194 1756 78 1213 130 1148 474 2380 174 293 8743 2014 115 233 
61 225 110 103 677 99 146 5971 266 51 4525 94 89 1996 106 52 456 362 147 68 82 61 295 269 60 75 1999 255 65 268 
62 1 3 5 6 8 14 17 12 16 13 10 56 69 28 23 35 31 33 22 26 49 174 53 75 147 41 112 155 87 101 498 29 107 
63 0 1 3 2 4 5 9 6 7 13 8 12 24 14 11 10 47 15 55 16 44 22 20 21 131 33 19 36 45 117 59 29 26 84 23 37 155 
64 7 33 28 81 126 18 60 19 90 45 157 58 142 229 264 163 904 351 89 240 124 188 109 226 76 55 829 107 255 118 162 234 364 807 193 
65 59 64 39 63 131 58 392 147 177 1117 156 106 53 37 181 2052 86 299 630 173 2235 868 160 73 357 165 90 16 65 117 57 5855 62 69 199 
66 2 5 4 10 18 22 11 23 12 15 33 20 25 24 21 59 35 97 51 58 70 1211 65 211 77 38 181 105 8114 43 54 28 114 126 
67 0 1 2 3 5 7 8 9 26 16 14 18 19 27 37 32 29 36 40 22 42 87 50 13 129 71 52 49 144 63 75 78 23 257 152 138 155 184 356 
68 11 20 14 17 26 31 76 25 60 59 47 75 71 81 24 447 56 207 223 62 254 106 2942 194 197 90 66 1888 37 50 1122 102 155 4347 
69 3499 75 90 519 209 85 47 141 56 1499 187 276 95 542 111 7231 113 8004 3249 1696 1279 4152 358 3059 427 6169 
70 53 42 109 50 38 74 299 349 1927 66 91 9556 590 1710 68 55 203 4211 201 149 1237 104 278 73 582 279 
71 0 1 5 9 15 20 26 36 48 16 22 29 33 55 93 62 131 60 110 38 13 268 112 30 44 451 68 52 128 1867 105 163 5195 817 
72 51 67 74 103 117 477 187 243 251 171 1428 70 169 6830 56 73 113 334 1216 7981 174 1190 724 369 430 2135 208 8512 316 
73 178 92 252 597 83 1953 553 1756 127 53 31 94 149 52 154 137 898 4680 132 380 9547 3528 5479 2878 185 1866 80 609 309 
74 5 12 14 15 29 22 170 36 60 51 67 62 44 64 1610 180 70 610 79 48 66 242 344 85 314 28 250 199 82 73 247 612 45 54 126 621 69 
75 4 6 9 18 17 16 15 20 43 10 58 24 32 72 34 27 60 335 42 63 62 30 57 82 84 68 100 224 25 185 37 94 210 332 501 99 73 69 120 138 356 
76 0 1 2 4 3 5 6 16 10 7 8 22 9 12 13 50 24 14 11 104 39 17 30 33 26 46 27 112 66 35 36 23 121 
77 188 433 244 127 1130 4138 1071 134 222 173 2517 651 499 2657 8733 235 48 168 1407 635 112 161 45 103 1593 84 273 658 208 3603 
78 1465 40 509 32 105 41 143 89 786 52 424 102 75 239 292 752 100 66 753 198 133 384 223 5625 345 
79 151 31 39 66 102 110 215 331 49 76 140 227 819 79 57 44 2628 59 2144 58 124 77 78 338 52 5638 36 545 24 
80 3 14 28 22 31 37 149 227 58 57 95 24 3708 81 38 75 239 137 67 109 128 108 102 35 40 54 50 448 62 99 221 119 135 
81 4 8 20 65 21 38 71 381 200 131 715 57 68 127 93 90 128 59 311 209 67 259 796 85 345 196 206 513 37 6979 148 
82 6 9 16 13 32 21 29 63 25 49 125 36 94 96 101 46 31 73 54 339 165 56 136 139 907 155 225 186 30 230 718 45 107 510 
83 0 1 2 4 6 5 7 12 11 8 13 25 21 9 19 16 42 39 10 32 15 20 59 75 50 17 46 34 67 61 155 859 3244 
84 0 1 2 4 5 6 15 12 8 7 22 9 20 16 29 38 86 51 47 28 53 143 43 94 23 21 75 3140 46 76 125 123 621 176 
85 53 232 106 90 123 113 128 114 297 163 213 65 179 115 54 28 40 587 75 66 22 92 130 559 227 158 157 48 1363 55 175 9086 
86 0 1 3 2 5 4 7 11 6 13 10 15 23 14 8 16 35 18 71 34 9 25 87 21 19 98 26 50 28 53 30 27 44 72 60 38 92 
87 49 39 91 186 251 116 61 180 882 104 231 152 159 150 109 74 82 177 80 1073 714 802 110 70 88 128 437 45 235 709 139 585 
88 2 7 9 12 45 27 22 68 19 54 51 42 24 144 100 95 173 35 106 83 134 113 108 76 363 124 156 278 47 513 120 1583 
89 99 51 66 447 93 152 17 156 12 47 315 96 553 100 73 41 89 912 68 135 76 277 36 81 233 120 206 180 240 
90 0 1 5 4 6 8 17 10 15 19 25 28 23 24 13 14 16 47 32 35 34 287 250 158 18 33 57 31 229 55 90 285 65 127 139 1384 
91 5 14 25 30 35 41 52 70 66 67 78 455 124 60 43 85 207 82 267 209 202 1155 111 113 2871 651 327 114 452 253 439 306 145 196 148 
92 0 1 3 6 7 14 21 31 27 41 30 38 50 25 40 73 97 399 46 98 100 143 304 549 170 106 130 108 169 545 1591 
93 153 526 5027 73 79 106 3488 96 772 580 328 68 234 2333 1435 99 412 76 1127 258 379 6249 1816 148 
94 49 41 77 294 86 2286 61 128 53 316 57 245 42 129 80 446 217 2882 1991 170 127 2850 1150 2720 272 835 861 19 
95 26 54 141 59 178 262 55 70 284 28 58 106 143 97 53 50 98 86 94 212 23 62 92 44 95 68 389 5170 103 99 405 2521 
96 93 108 101 71 1247 104 3761 323 1461 248 362 428 127 4025 491 1245 780 6514 4182 360 381 
97 0 1 2 3 4 6 5 9 8 7 12 14 13 10 21 15 39 46 22 34 168 16 26 11 86 40 18 92 43 28 23 29 
98 0 1 2 3 5 4 11 6 8 9 10 12 26 7 18 20 14 19 17 41 15 52 44 40 27 25 16 62 43 55 38 72 24 39 434 82 410 
99 4 9 15 18 14 16 24 20 32 38 25 51 29 37 33 61 22 41 62 105 47 207 100 34 94 199 91 56 67 30 75 78 69 482 
