100
0 4727 8822 755 3863 3261 7615 5906 5034 9830 8808 8784 2945 8025 2601 3277 5467 9869 193 3966 3653 2521 8444 3967 7567 4235 4545 5671 1848 9849 430 4313 2529 3468 8636 8481 7137 5727 7860 4296 7541 8213 527 8566 3707 473 7033 644 8525 7029 1148 2890 2403 1724 4062 3797 8236 7404 6042 6879 6942 7802 7524 899 5720 9589 2687 3743 5051 6494 4047 5820 8750 9350 9919 5704 6345 5777 8908 8628 8314 2547 8138 5259 771 63 3226 8532 3181 510 2833 49 871 9478 7258 9213 6957 3518 5677 1568 9252 6944 1720 7275 5322 339 8206 204 9293 1766 3982 8356 8832 9172 678 6396 3431 9642 2879 2522 1799 7095 9014 5736 2238 6143 7851 92 3508 2987 3268 7102 1064 7627 6921 7924 1897 5428 4101 5424 
1 4863 5818 3880 6436 5216 4034 8843 5969 9057 4031 3875 1883 6592 2181 8386 4806 1405 5985 1836 9423 4617 8268 1556 2492 2073 8388 2943 376 4066 5382 3483 1105 7560 8533 8830 6243 8488 9905 8773 8226 9993 5986 2853 9732 7112 2260 356 2536 2469 9719 7838 2872 9481 8170 6843 4888 2429 6171 750 1861 4735 3666 9258 2822 7646 8107 6429 1540 5565 4529 7035 4425 6472 9196 8287 2152 9763 2462 4331 5856 8611 7682 7052 6873 9414 6111 842 9758 9444 9576 1412 7569 9782 6302 3780 6987 8411 2888 6571 2961 5002 4917 8390 827 6346 7194 8956 2668 5152 3213 7573 4800 9149 4075 5649 3210 7225 3750 5830 824 7250 3673 9865 4309 6673 1489 2947 5545 219 1449 7424 5456 9704 667 7965 1692 677 2968 3303 4364 1818 
2 791 3124 7248 3992 7703 910 6629 4183 156 1558 6146 6246 5941 4304 4125 3049 9343 2978 5897 1841 777 9831 8156 371 3993 690 3678 482 7255 5550 5606 6104 2767 5894 8094 9958 748 3712 2697 4198 9095 2951 8677 937 5883 9492 16 6017 5560 191 7242 3923 8712 6612 5187 3127 6975 4193 17 9123 5001 6693 1082 9407 721 7427 3101 3757 1210 8858 5425 7932 5089 9396 8016 8761 8910 5150 2880 2267 5290 1840 5507 1416 3742 488 9359 2507 3659 955 9765 8870 8593 9078 6858 1870 2744 7744 9584 4910 6850 848 7376 3048 5712 3201 203 6154 9620 7118 7763 3 7475 3972 6068 7505 4484 2067 1292 1912 3221 5326 7215 2170 9730 4979 7367 9662 4650 6169 6426 4307 244 8383 7910 8030 
3 3632 661 5060 984 2965 3569 2021 2251 8160 5823 1999 5115 8549 1141 3588 5942 6245 3036 1888 5881 3056 5819 32 5724 8963 9506 4861 2319 2485 8703 8336 1708 5047 2013 5639 6832 9250 2625 9072 4707 8842 175 2024 3884 8907 9815 9349 7865 3938 1247 427 9509 4602 2219 3472 3110 3093 2415 5264 587 3133 4227 6648 6034 2498 614 529 8183 6331 9064 25 6186 207 495 4887 195 2459 6587 7803 9103 4091 1519 7864 5769 173 8796 7101 4078 4623 8698 6181 3395 7550 255 7072 8062 5984 2249 1153 6555 4184 4951 3872 5742 1967 240 101 3364 6501 4756 8809 9947 4462 1546 1409 4068 5809 3761 1887 5775 4549 9244 959 8434 7903 9908 8255 6347 680 5083 
4 5919 6008 5137 4541 3905 5705 2422 657 9223 9987 2912 8840 3578 7202 9965 1226 7285 1575 6106 3715 2146 753 5999 8926 6588 2185 7047 5961 5832 763 4267 5069 4963 5497 6772 7031 4372 3535 7099 110 8045 5066 5753 8429 190 2617 1350 2540 2771 5043 4072 4107 4972 391 4350 6955 5644 9641 2810 775 5042 9220 5269 2417 1378 7422 7170 1905 2942 6647 7884 442 8896 3249 7719 9791 4993 1042 4955 2437 8103 1318 9682 2428 5145 6646 2264 7509 2501 4627 2156 6160 8885 3260 4505 9659 4676 4632 2980 4730 4962 5888 8736 5633 7271 4710 6086 5202 3617 5372 4042 2087 7919 2526 5908 9602 7655 5102 7937 1795 6773 2765 7428 3449 5081 3298 9305 7086 4247 751 
5 341 691 5592 4811 2214 6087 9031 2280 8952 907 5077 7197 360 823 7512 7732 6105 7290 5958 174 4004 3630 1425 2410 5885 8294 2597 7341 8281 6671 2596 6532 1429 6644 4105 5804 1389 2707 6896 9170 6902 2295 1942 3351 6999 3979 9968 167 4229 2713 6842 4644 4475 9291 4273 6871 3522 9400 3003 5092 2640 4564 8423 7789 9611 9543 9854 6308 5296 9561 4494 9470 641 3417 7362 7985 7310 526 9437 4738 2159 8655 8341 9845 4612 4051 7604 7446 1796 5604 4965 5667 6239 7418 6703 770 1645 6720 2698 1017 4244 3059 7008 4860 6591 4823 7563 5293 654 499 9362 3144 9231 3069 9605 1638 8787 7968 9141 7601 1142 9956 8973 452 3858 1257 5379 7237 9027 2515 
6 5701 1221 9855 4579 8272 9045 3778 434 6735 8416 8035 4104 5033 3769 7269 3222 4196 5437 1043 8090 15 6374 1541 208 4688 9610 6561 4211 4634 5063 325 5297 9927 4048 8442 4252 2356 421 9028 5367 757 1922 8241 9533 9051 1727 9657 335 7743 4939 7804 6290 803 3413 2026 5139 4894 8934 8366 7057 8253 6568 629 8446 2802 1721 8508 4109 7094 5737 9661 4260 8864 2704 994 4030 1523 5271 520 3113 1487 9124 7923 1359 756 9904 2610 6791 4915 1771 2303 9604 1563 7089 5534 2044 166 2763 7553 4025 250 6573 4368 3649 2772 8547 3960 6854 4416 9 846 5308 8060 8748 7004 3775 9756 1390 9631 5336 9287 
7 2694 6536 2887 70 27 7979 7592 3686 7182 8607 9547 3106 3799 426 3083 3619 7191 9326 3975 6775 5937 144 505 9457 1465 6076 165 2332 7365 6151 7241 1462 5163 3734 9043 5826 3834 997 6112 3547 4090 8755 4070 7815 1189 8597 7500 2374 4035 9309 2898 8229 7631 248 2743 995 3963 3912 4886 6407 3012 8369 3721 3838 7298 1660 3045 6153 2136 3774 1927 793 7554 1806 2137 9222 6757 252 4156 9089 713 5597 9797 7477 5668 6007 583 375 1646 6475 1320 6025 3029 873 4592 2693 2756 8333 6675 1896 5700 8089 6299 231 7936 1650 8167 5926 4742 4558 7798 6749 5968 2579 2320 5566 6611 2717 1295 5385 8185 5515 648 5098 9581 
8 5232 7830 6486 3786 7846 1596 6967 1881 416 68 5335 2253 7350 9656 7494 2259 2114 858 2134 8905 7793 7944 6563 7028 2431 6482 749 7007 4365 1208 6981 4814 3579 6666 9924 7347 9401 4421 8567 6827 2820 6432 2001 1286 5857 8555 9585 1737 7109 8838 4607 5245 2686 5212 6633 4604 3652 4263 2956 1931 469 6525 944 4788 768 182 9607 4476 3265 6708 3077 7987 7523 4209 2405 3246 1689 1614 4509 6075 6147 2456 4253 9708 2505 9922 5340 6529 1712 8960 9896 6819 1686 2642 3360 8215 9367 9925 8985 6892 274 9425 551 8919 1783 6517 1481 5176 7734 1262 7015 8277 7496 8068 9169 2611 5236 34 3178 1632 315 5171 623 5564 8807 9749 2030 4446 8591 8036 4815 9040 8433 8721 
9 1933 2056 138 876 4356 8136 9778 2035 4443 1906 5670 9384 2202 6317 6903 2747 1343 1293 5845 556 5095 2416 9382 2425 9233 1549 8371 1117 5342 7478 2557 3170 5529 9496 5203 3573 56 81 4328 9991 7588 1310 2009 8846 2420 477 9875 176 246 9693 4542 2840 8319 3465 6 3424 2300 5030 3788 9241 8122 1087 3163 2144 2911 2633 5539 4640 4690 711 7208 926 7683 284 1943 5276 8987 7873 2307 9081 2477 2123 5625 9742 1551 4333 723 7635 2795 642 5596 112 7895 181 8467 6375 1020 3977 1562 2285 1171 3378 1493 7685 6566 9508 5107 7414 4064 2983 5124 1436 8323 2031 4764 4049 1917 1928 4447 2125 9120 3471 6427 9327 8572 2582 5904 
10 6215 8079 9597 9277 6096 5612 5927 5287 2460 630 9272 802 1100 7216 6970 3921 5300 6428 6710 792 5220 9050 9023 4115 6286 4747 3388 1384 5225 212 8778 6885 9439 6796 261 1321 5383 9871 9961 3368 5877 9432 6196 4957 8179 7100 1517 8967 9295 2199 7234 8613 2240 6435 1663 4525 9686 9953 5332 5723 7519 8741 7065 6847 7990 5258 9303 310 2168 5890 73 9353 703 58 8661 6370 4054 6502 1582 6519 4081 8349 6922 8909 5954 3164 8144 8031 3902 7975 8267 4614 6448 8737 8990 5329 6762 9259 838 600 256 8308 7605 7108 7390 2377 5210 8945 6767 7143 4007 665 5829 7518 3582 9251 8088 9240 8320 1668 8001 8350 9133 2826 288 9294 4308 9297 
11 9029 1342 5123 9221 5141 9619 435 2932 9247 6698 1665 8222 8732 9804 2789 8879 8159 89 5683 9334 674 2629 5754 2651 9885 3687 2211 2072 7643 3898 2935 2241 5743 8111 6937 7020 1074 6441 6857 6481 2561 5020 5782 2055 2207 9145 8968 5337 7797 5766 1854 4631 7343 6996 9528 3651 8596 6218 4665 7401 61 9696 4089 1898 736 1761 5473 1534 6322 3281 9110 9799 9980 7209 8937 668 4162 1382 5802 4179 9571 2696 6782 7891 3152 3347 9567 1418 6133 5328 8829 6721 2432 8679 514 3981 5725 4165 3107 5971 6288 114 8187 7110 135 8688 7752 4306 3254 4147 7499 7795 4975 6020 
12 1522 1886 5183 7783 2177 3376 2725 4847 1092 6117 3828 1590 9548 7825 6040 272 6542 4624 6253 6185 2566 9988 9820 4214 9834 1613 3787 6093 2948 5416 4940 3357 5868 9073 6743 4148 2298 7076 3425 267 6203 1573 5614 6965 9655 7420 1960 7577 9494 9238 4021 1288 4869 9122 5520 3263 6973 8387 1627 8993 4772 3832 5833 1188 7127 4436 2764 3000 4837 6846 9840 3612 9660 2589 2201 5637 3879 4954 8339 8665 1829 1463 3575 1702 7667 2563 
13 810 915 4187 4185 2733 1114 2798 9979 8503 5223 8251 5279 3590 5532 7926 1535 8834 1559 4354 1820 6319 9588 517 6825 1574 5746 8738 8563 7590 5530 4231 8464 2353 7536 123 7579 3346 9544 2266 7345 2812 8971 8161 895 1200 817 3342 3802 4013 5710 6466 7641 5619 5048 743 5867 3604 7585 6285 7791 6468 202 759 6899 9889 3111 2779 9736 5932 3529 7589 6461 9307 7186 4921 7346 8131 6047 9789 5295 4741 6875 6446 2541 5658 4256 5084 1431 4113 4662 1552 378 1953 1362 5973 5557 8498 4596 4544 566 1579 2350 9702 3344 3406 4293 6057 9837 3978 6530 6343 1304 1271 2806 3456 9761 3577 1231 
14 6522 9104 1548 5812 2512 729 7702 8104 2255 9282 5950 8920 6125 2337 813 9787 8070 311 3020 8310 3833 6925 969 6750 7360 7206 7639 3984 155 90 9844 6099 1834 4721 7538 3900 544 3814 7619 8765 9743 9960 8302 9475 4728 3594 7448 1672 2574 664 8431 6279 3790 7953 4977 4375 2623 405 1329 1387 2809 5310 7751 84 4285 922 4912 908 1450 8783 6732 8582 5665 1764 2438 8779 1010 54 1237 720 1968 6630 9622 5458 4712 8289 9939 2910 4122 4106 10 2654 9455 645 8901 4784 5119 8515 2454 2421 6356 8014 6131 5744 8305 2141 646 5662 9274 5333 3432 1193 2325 5994 3608 9046 2691 9651 
15 3239 96 9108 9523 2543 8391 9094 6189 816 6574 1946 3867 9868 6166 4560 5549 1661 7025 7388 7211 3233 6618 8618 6765 6521 8992 3557 7467 1510 4943 6252 1664 3497 1396 4619 333 8065 2644 1978 7069 8409 9884 9593 8228 2940 6054 1452 5552 1805 8760 480 605 9266 6724 3665 8248 4439 5021 6389 2396 2047 4768 6567 8417 8106 2959 686 7870 3994 6130 6357 7492 8913 581 9364 2628 1993 3593 7229 7394 7872 3631 6135 1156 3165 6914 5205 4131 1986 5965 1361 5452 4486 7456 7342 2286 7466 8640 3494 718 4301 2011 1828 7954 2567 3482 4532 655 9215 818 2491 
16 1104 1376 9513 726 9640 2407 1895 8595 8295 3244 946 7017 7737 3861 914 6110 9153 9748 942 308 1952 3386 291 8592 1026 4424 3574 362 7037 6878 100 2318 1491 8637 3499 9823 1801 3415 365 2929 3146 9060 2227 2539 5418 4660 8408 1461 9615 6655 6904 2685 679 6100 7062 5581 988 4249 2478 7735 6231 2680 8428 8010 2722 4805 6118 4287 4279 9644 7662 4226 4103 1732 8379 5231 2445 7877 2632 3153 5413 4005 2473 8664 5653 8142 9491 8140 8759 5928 9829 912 8046 7819 2930 9600 6123 1849 5752 6679 
17 305 4933 5214 2045 2843 1466 4255 3517 5471 3514 6217 971 8353 857 2858 2957 3562 9741 3934 1787 373 3102 4907 5931 8316 1674 2440 7943 436 7307 3655 9048 5860 5184 97 4225 8101 3041 4677 3461 8493 3540 8785 5719 7762 8658 9106 57 1185 3251 9375 86 9649 3026 6210 7831 8806 9688 7507 7756 4691 4340 2290 708 2446 6276 5690 1605 5194 4391 6684 5664 9971 7340 6107 8376 4438 6026 2258 6929 498 6165 3019 493 3679 5646 4387 4257 5694 5180 7549 7842 3945 3199 9438 5009 4355 8056 5555 4188 1265 3370 7901 216 3817 8440 6761 3924 5707 5955 
18 2758 618 5624 4099 9016 1518 5848 6158 5622 2506 5774 956 5784 1007 5249 1301 778 3694 3511 2894 5785 8205 6449 8085 345 863 2467 5396 4472 4394 5872 7300 33 306 9843 2889 2938 2347 395 2641 6656 5669 7715 4158 829 1391 1448 7503 2593 2646 2361 6697 6256 1658 3063 7009 7337 4176 1022 8299 8861 5464 814 6121 3813 2475 8620 1557 8580 4411 5200 9129 706 5421 7270 7755 7130 5138 7482 8032 1373 6694 735 3270 3495 2427 4502 5584 634 7317 6849 9107 9235 3607 7461 9442 6296 9406 
19 8071 7224 1815 602 8152 6744 742 2157 4216 7603 213 545 4944 6496 9888 9188 6910 1768 5074 6334 9131 1272 5976 8691 7595 9466 1778 4611 4827 9230 2203 6051 9716 3995 8941 1821 4357 6011 8512 3891 4343 2832 9562 1303 2232 518 4689 7867 4136 162 4857 5365 7706 8534 9637 5600 6704 3074 4238 840 7776 6116 7666 458 3862 6958 7741 4295 4321 7361 7474 5835 4821 150 3139 8360 8860 9943 1675 2083 9000 5992 6803 4803 3525 6479 9077 6867 9777 8008 2338 6182 4201 4385 4577 4264 
20 3637 7001 3104 9091 4119 3956 1955 3476 214 6437 1704 3247 6578 2265 6358 3349 7977 8269 9151 7848 1259 6140 4151 1494 6751 9541 4697 1792 1634 7192 1351 7093 2439 2830 1604 1612 524 2913 7530 1813 3090 4516 1516 7021 5673 7454 2678 8803 4490 710 2892 8868 7709 7040 4268 6632 2167 9517 2131 6015 2753 69 6259 8524 1979 1197 4390 8237 9385 4923 233 7645 8057 8345 4774 9853 822 774 9746 8232 7425 4864 8874 9785 4743 8082 2151 6636 
21 4027 451 3964 7650 7856 4960 5185 4540 1564 4280 4646 5562 7728 2472 5386 3899 8461 8270 1101 5756 4801 3025 7058 5049 7673 5862 687 8695 2409 3615 3071 2176 8078 8600 9344 8195 5073 6769 8746 898 571 1852 7869 6162 7071 1966 9779 2293 572 2801 2368 8518 2449 6080 1754 9484 6927 283 8949 1421 5751 285 1647 8625 7377 4079 1174 3527 4684 8462 9735 4672 1498 4562 724 8491 7244 2061 5587 8225 594 5305 9126 9436 8407 3326 2470 3741 9755 2096 5062 5876 7158 8 
22 9794 1521 7123 2355 9361 7529 5038 5568 3703 1414 7124 2468 4254 3532 940 2791 7073 4583 3100 6688 3459 1198 9511 5028 4786 2558 437 8946 2163 3380 8163 2605 6643 4110 7371 9429 7155 6784 3061 5609 8606 1057 1440 5685 2676 3338 2778 6460 324 6786 7847 6604 4893 2106 9913 8026 8833 4003 5801 7150 3516 5314 760 8357 6872 8029 1018 6816 2856 2848 9695 8889 6139 8395 7081 4813 8857 9387 352 2306 8406 7372 4338 8405 6167 4310 9076 
23 5851 9065 3327 4383 8617 6065 7506 1464 7038 4332 1379 6048 1983 3894 2500 1847 5675 6152 353 5122 1545 5840 8021 4836 5368 4396 737 8774 6524 6403 7970 9636 2800 8684 4511 62 2068 4599 1404 5903 8739 5593 9207 6367 702 5869 7302 3806 8873 8687 4664 5392 7495 9978 4846 4175 3849 4084 7754 519 4892 2902 8955 5402 6948 5874 41 7432 9895 9634 6861 9200 2769 4537 1747 4866 8432 1132 4726 6380 9507 5800 1127 6821 4754 2033 7013 
24 6498 7982 5943 9269 3782 461 9805 1577 4848 171 7154 4292 1347 8083 3685 9086 3504 8108 3195 867 1734 4835 1203 8528 8599 8278 9224 4722 6877 4155 6831 5351 983 4448 4469 2443 8497 5831 1056 5569 4413 9318 4344 9332 8675 5760 3057 573 3442 9090 127 6195 6324 7827 9114 4492 4069 2616 4241 8911 3839 4246 9263 1725 5494 6401 4428 780 3856 1673 8168 649 9529 5241 5732 9355 160 9159 3325 5708 7792 281 1878 6364 8659 1068 7383 8130 9520 6138 2864 6829 4366 
25 2817 7014 904 9532 4749 18 5188 8271 116 2032 2444 2667 133 6477 8610 3250 8009 1544 5989 830 4423 7277 6038 3927 8627 1446 3168 8381 2190 2790 3887 2861 5436 7614 4083 882 3034 8190 2294 5391 4168 497 745 4039 8256 2690 7068 9754 3706 653 5944 3285 6003 8490 9464 7157 5842 1844 7564 3888 9208 2302 3148 7353 7330 8374 388 422 8717 925 978 1395 7460 3773 7771 313 5079 5610 7411 6039 3014 2091 3186 1642 6240 9456 6126 2870 3855 5234 414 5432 773 2090 8507 4240 3105 1561 2895 3283 2993 334 1036 5415 6163 7098 3852 2903 2192 
26 1481 8691 1372 4242 6587 8653 2018 9067 6297 3949 2071 9738 7392 2379 4508 4406 8134 5856 5465 122 333 5839 4956 4377 1865 1698 3880 5558 1428 9197 2841 820 7799 7652 1779 8564 643 6391 7978 9048 537 8747 8931 4003 4598 5412 9792 1462 4781 7170 939 118 8385 8964 4001 387 6871 3759 8706 7570 7869 2823 8673 3167 8094 5211 6822 7213 2979 1809 8699 2246 645 4646 3600 5110 3396 5005 3688 6493 9647 6230 5508 7940 1178 1957 9958 4782 9154 2335 918 7062 1559 3933 7692 2658 5668 9901 9972 5843 
27 1777 5198 2608 6989 4928 2709 8390 6310 10 1127 7599 127 5468 4858 5136 7587 9438 9267 4263 4573 213 8898 2322 8347 7648 8601 431 5137 536 6280 2610 1378 5091 4167 9761 5991 8115 6371 404 5542 1596 1991 6582 1052 9494 3564 2698 7590 553 7567 1060 1710 9575 7486 2632 8713 5759 8782 3887 5426 4114 7843 9350 2575 9209 3842 470 7164 8378 6477 5836 425 7227 751 8461 4219 7761 2255 3142 9331 6117 1854 1170 3813 746 7243 4199 136 9050 2409 9228 3825 1469 2567 998 6501 4667 5225 3936 9788 3187 
28 1229 7219 9952 449 6733 5549 8985 673 6657 2281 9019 595 5847 450 5884 5445 9990 7265 6788 6715 587 618 7094 4868 244 3124 9877 4088 357 7989 5737 5802 6621 5966 2211 6058 3191 4544 7904 7771 5116 4048 5386 4992 4740 9892 3223 2127 4513 9763 5794 311 4273 5837 1319 8435 3557 2325 4046 2328 4695 6525 1155 129 1218 8231 8260 6787 9638 6373 5778 7614 2771 4069 7331 6254 973 1094 4382 5416 3252 2385 4099 5231 9873 7732 6720 7517 3509 1831 3507 5703 3999 9089 527 4020 4615 4847 6366 6586 9940 7150 4474 
29 1934 5487 4585 5169 1651 13 2873 4141 7179 9150 9907 5221 2674 8519 1122 828 2305 982 961 9165 2098 7778 8944 8891 8292 6637 7026 5353 1653 9553 1458 948 2129 1680 1047 3162 7799 7392 5531 5865 8557 6066 1925 3361 5911 8296 5786 7729 4342 4407 6385 3675 6700 528 3844 2143 4865 7218 8666 5956 242 6848 3404 6792 3345 4360 1571 4026 8050 1125 4679 7044 5135 4952 6759 1315 4613 7413 3870 8309 1812 9469 4838 9066 1490 492 8867 5045 3377 5680 4067 3027 7716 3196 6420 5076 9315 8318 929 8794 2928 3306 3310 7953 3843 6682 2205 4666 1380 6148 375 5059 9530 2935 6491 2237 1963 1711 5060 6835 1715 6674 3598 6036 
30 8696 5500 9684 1716 7220 6776 4976 5470 7785 4794 4828 179 5899 4195 6570 8173 6306 7308 1184 3932 6976 8516 5104 8147 913 6807 5412 5934 7821 1160 6172 5656 9984 8355 8994 4473 6387 217 8930 2568 4802 4924 5111 3725 9447 1058 4154 6067 843 9539 3204 4418 554 1137 5109 3271 3411 9198 3959 5238 6326 9723 7056 7078 2592 7984 9566 4404 9982 7051 4044 9007 2786 920 4974 1422 2111 4647 0 4431 2613 9599 9261 3154 9501 5246 7949 7136 3064 1524 5929 5347 1054 8354 1009 3312 1273 268 9468 9921 2666 4781 4370 4989 4600 7882 2811 4753 7061 4384 3710 1533 6097 3941 9569 8479 9673 7253 1667 1309 5450 7117 2301 7484 5373 2614 
31 8313 7616 4595 7786 6725 6129 5025 1633 4705 6805 2650 2788 1773 243 8301 7178 1607 2762 5601 1874 9770 9480 1643 1793 4533 889 2703 20 1250 494 3918 5679 486 5454 4493 7522 7374 4087 7245 9336 1488 953 4170 2712 1742 361 6608 3807 5488 8865 1762 2107 8047 9835 8421 6676 7849 5938 5274 9575 5959 9534 9954 5817 2847 142 6558 7217 796 2118 5663 1181 5405 1871 558 2711 3740 3784 4008 7125 7858 5204 8208 1093 7807 6760 6794 7994 5465 397 523 3383 1229 29 2663 8938 8202 8194 1107 2966 2835 4969 3422 9800 8102 8884 3889 8645 9747 6211 1746 9262 868 2555 6191 4543 3772 4427 5852 6523 2760 3447 6839 23 7966 9388 9267 761 7382 3748 
32 5863 4140 8458 2248 2493 6415 7731 6938 4315 521 3252 349 6841 1594 5114 4435 4050 1835 4506 2692 4466 6183 5939 6177 22 9795 7344 35 3568 9674 8817 7333 7805 6474 1240 6956 7128 8176 808 3616 1131 2837 152 5357 37 1006 8377 1243 6726 3067 2085 4248 3288 2188 684 6766 4303 2006 9445 1666 2721 8113 5054 3313 6295 1649 1179 7363 4845 4873 1618 9737 4095 9156 8124 3050 7862 8055 4415 3603 834 2138 5094 6993 909 4527 5395 4740 7730 9273 7091 7724 4520 3350 1045 3506 5478 8831 4547 1971 5407 6354 1606 1843 8747 7366 6499 3704 3908 2195 4430 95 9280 6853 2076 9886 8372 7626 5951 5482 1192 8275 8300 4946 5162 6094 950 3420 113 6729 1196 2171 2326 
33 5352 3319 8212 8622 8095 6534 5319 9472 1474 660 1073 9694 2292 9049 1170 1715 6193 4597 1248 4474 9510 2569 7348 6507 9951 1372 2509 2985 4442 5575 9143 1500 6642 7699 532 7508 4207 3409 9592 471 2124 2064 7510 3846 9098 6400 3177 5182 7043 5788 9811 6337 8964 8304 9128 7955 1062 5129 5014 1936 3770 7501 8024 4157 7504 1287 4282 1750 6464 7400 8848 1402 4465 3815 6678 6706 1435 6916 4126 368 7328 965 9944 3279 744 9692 1251 4146 2829 7230 5339 870 7546 3282 2977 4762 7961 6307 577 129 5442 2497 7006 8118 6768 8342 1496 973 7354 7471 5472 2252 2008 6226 1803 8125 2700 3445 186 6665 6714 
34 8059 8513 5346 6120 6804 5947 7874 4999 9085 4138 2851 5688 3636 5486 2236 251 5561 3985 832 2577 8133 7665 4160 9596 5608 8851 2860 2939 3635 2039 9866 3546 530 6594 1485 5768 9292 4752 7912 2362 2442 725 5814 8154 3942 5858 4045 7131 9902 3035 439 1901 3625 6155 952 1084 1741 3940 7806 9633 2340 3335 866 5493 4076 3040 3989 7568 2052 6467 9983 7574 7083 9234 5993 1175 7369 8469 4950 4666 4243 3001 3400 7526 7527 1884 3801 9726 3390 4885 9522 4844 9715 3466 9882 2728 6834 9731 3371 7468 7439 4237 6870 9271 2572 4403 2859 3826 7833 2223 3758 7080 4829 2239 9324 21 66 5882 1162 4716 2920 4489 701 
35 938 342 8514 9024 7606 849 5510 8646 3764 9707 145 93 8928 5787 2708 489 9870 7525 8330 5010 5090 7180 8790 3803 2637 9526 758 8799 189 881 7875 4374 9764 7378 9818 738 9391 1090 2002 4449 450 6109 6823 6453 7694 7668 6301 2007 1071 2354 2018 9531 3414 4444 5827 6004 8463 8234 5226 8177 4471 2102 2854 8590 2371 9801 5466 3727 8012 9360 7389 9568 8143 8669 363 9433 3474 9434 1752 3174 5227 7988 8855 6454 4367 3416 1264 1128 2990 3115 8820 3256 1621 7624 3175 1595 3925 4936 3606 4496 6838 3491 1060 197 550 3738 7964 9808 9257 6689 3473 2868 9347 9709 5461 8693 53 1530 6988 3138 6564 5165 6511 7922 1860 6513 651 2212 6940 3597 
36 4002 6672 4275 8781 1460 1152 1328 2975 5142 8401 7652 2058 5389 8128 831 5599 2017 5004 2739 7726 2525 2120 1889 6781 1578 2268 7866 3487 6406 161 1070 3454 7617 2386 9300 1532 7326 5979 1155 2967 4139 5884 8744 9157 5861 4262 5449 1076 3024 5659 4086 3183 1306 6920 7042 5218 6287 2186 5267 8471 9426 3225 1981 4642 5068 2051 7171 7528 1598 3393 5153 1178 5907 3785 8329 2383 5776 1991 7898 3553 697 3825 6968 6134 8099 6336 7753 531 7445 6248 446 7558 3237 4982 128 3671 6338 7816 7210 3829 6740 7407 5201 8569 7318 3943 3643 1029 9490 6918 9482 7844 7934 5516 1484 9476 7412 2775 2398 7321 8570 6748 783 2621 6315 7398 4526 8239 2387 616 4877 8523 4637 2127 3493 6009 1790 
37 3759 8218 8436 2345 9518 9330 5574 299 9342 3909 5615 98 7591 9540 7772 6874 4029 5506 1205 3356 6746 7634 1994 4468 727 5640 1830 5864 3708 45 157 9751 8546 5767 6785 5242 6379 8186 2995 3753 2237 6516 8756 3841 7661 6361 4277 7305 5273 8192 9676 3308 4651 5266 2706 932 6549 5642 122 7822 7079 639 8332 1177 4876 4973 1354 3202 30 7159 31 3776 4213 7814 3991 6178 7408 5446 8293 2908 7077 6527 9564 9283 7050 6887 8006 3820 5005 3428 1864 1892 6836 444 9288 3015 384 8002 8453 8097 9152 9846 8398 6730 6966 3492 7012 3218 2551 3392 3289 2740 6391 9451 1504 4480 2824 4904 8925 9146 5630 7584 9901 3290 9011 9055 8647 6811 6943 631 46 8227 4515 9705 
38 6595 6539 5439 6641 4397 1443 7497 6645 7293 1726 4795 6526 7676 6335 790 7749 9393 1312 5730 9205 2599 7453 9443 1512 279 136 6012 3503 5648 3957 6974 6528 3551 5762 1763 8264 1684 7219 425 1904 2277 4820 2958 2652 196 5815 7906 6023 2875 9689 2381 1625 7338 8970 1044 5417 8700 6931 7049 4694 7440 9228 1908 1938 4744 8262 9535 5759 7688 6985 3054 2559 1740 6045 3718 4434 8114 7364 3528 877 5811 4601 869 6473 7375 8424 2366 1334 8705 2075 2281 1019 6353 1313 3931 8480 5191 5779 7999 6341 4410 7212 9001 1202 3824 2720 8327 4167 1751 3505 8418 5875 3792 3628 2608 8325 8028 8544 472 4633 3355 6718 9412 4088 6727 2909 9446 1407 3709 3661 8182 9647 91 3683 3437 3980 4724 2380 5078 1948 9346 1140 4470 7251 6780 7243 4318 799 
39 7850 11 4123 2150 7905 467 9667 812 4874 5286 1831 7284 7032 9335 277 4948 5088 7768 5484 9194 2533 1916 2149 619 2357 4898 9879 6192 8254 5689 6212 3337 2852 2924 9900 1326 8489 7978 3042 5403 2401 6739 8686 8917 7046 5960 1325 2328 6122 4824 6548 7160 9058 7890 80 3332 5007 607 2919 9842 5577 5243 484 5580 1377 2224 1920 1940 8706 6127 2484 4621 1807 9493 2273 6465 6544 6366 6013 1169 6395 766 1332 5850 694 4699 1786 2626 8753 1420 8954 1374 1779 3405 5918 8899 4859 8837 7658 4346 2282 447 5282 4949 6410 4817 7199 5146 3610 1215 918 263 5265 6362 3055 4401 2235 2748 3320 3502 8767 989 2103 8764 270 2546 7335 6363 7621 8735 3746 4937 1570 6535 7547 1338 8043 4300 119 4220 
40 4289 6350 8326 6864 6019 6293 9290 5936 4063 3363 9044 6606 692 6582 903 6795 7809 3307 9933 5256 5573 7945 9969 4720 6223 8306 7581 8853 1201 8558 4208 6783 2819 9069 5717 5032 2636 8081 2876 6028 4920 685 6771 5764 4783 6876 5504 2618 4233 2334 8709 6865 3423 659 853 7162 5128 1275 3039 4778 7055 6050 7602 8162 1842 2866 276 1096 1913 4751 9903 2504 2973 9217 8126 4996 5105 8716 5978 4703 6798 9790 1299 6381 5371 7491 2702 4635 2063 1052 8322 1129 3613 9621 6173 1975 1241 4796 2634 1628 390 4680 6510 2750 9034 236 40 4326 4212 9025 9074 4903 4992 8568 1603 1357 201 3157 6881 8826 6419 9813 7087 7156 2777 5477 4779 570 7148 7498 1788 3331 1242 124 19 
41 9967 8660 2375 8091 933 5834 5113 3877 3208 5431 3220 535 3182 9004 4658 4097 7708 1253 5093 5309 5739 4538 3172 5733 398 6184 2735 2373 6417 919 9759 7430 1837 8502 5065 9538 3724 5616 4514 7885 292 5052 466 9653 6233 2883 5571 5921 7992 3353 9127 6082 8681 7120 1085 8804 5082 3836 8969 8548 9658 8174 4745 4291 317 5408 6148 7294 9587 502 4481 6617 1039 6603 6424 8805 2922 4570 4094 1814 1102 6073 6462 9574 9281 290 4629 6508 8989 7311 9015 3768 2447 5125 4625 9477 7520 6576 9678 786 9099 8445 2324 1428 3118 6577 8579 2550 4706 5886 8651 4080 8483 4234 3253 1765 5672 5578 2229 8578 7904 7876 9495 3248 7188 8247 8959 1234 1954 6924 
42 902 9301 2997 8982 4797 8335 5797 4653 1245 8397 4073 9744 9102 5262 491 9229 2814 8439 38 7722 2976 5930 9706 4775 4718 366 2071 9256 9284 670 7351 6860 3131 9962 7227 9582 5277 809 432 7967 7695 8999 5750 5716 3176 3644 8240 8701 5738 5462 6478 5551 6758 5627 1214 3236 1620 6414 862 7593 6620 3094 4388 6149 9935 2020 2183 269 6893 6263 3580 3088 3084 6546 7960 8559 6660 7262 9147 4757 5443 5393 806 5698 1989 1066 3457 1753 9319 1902 2660 9376 3765 6880 2896 3767 6206 3702 2344 3274 4913 9372 8819 8084 9183 5209 7653 934 6300 6990 229 5173 241 5843 6204 1616 273 4056 1276 4523 6669 4012 1194 4575 6483 804 3132 5157 8451 9784 4717 9032 5713 9691 8217 1964 1688 4639 3929 8692 2322 2684 7717 1696 
43 3650 4478 8092 6912 4 3713 3028 3937 7693 7327 8839 4683 2423 2855 4555 9386 970 8141 2270 1121 6696 6695 260 6304 976 4782 5523 314 3874 2620 534 9530 7669 2358 2862 6032 2827 508 3017 6764 3418 3962 3521 7039 490 121 4199 4181 6137 9699 8214 3512 2927 1165 2010 1703 7064 557 9351 4245 3343 7780 6809 8116 1258 7583 4429 3398 732 1997 782 6230 693 8443 2395 9880 4112 1695 2053 2897 3850 2496 1996 3646 3796 2341 2881 7852 417 5013 2737 599 9325 4376 9989 2317 4336 9609 5228 540 4363 9070 8943 8500 194 1256 6787 9970 5409 8298 5605 2230 103 4931 987 5350 9339 7914 4539 1615 4785 1447 2937 9769 3193 4451 4294 6292 6947 8492 7544 
44 479 5358 4750 9821 7264 8649 9431 1444 3137 6425 4402 8762 990 7405 177 9635 8626 5378 2591 7181 1949 666 153 4941 3373 3005 9897 6257 5757 9022 6737 4052 5791 5996 9671 265 9578 259 1308 5498 3893 9932 77 4985 4266 6741 2891 565 4503 5213 9542 960 673 3051 807 3021 67 379 7151 2643 1032 4554 222 1781 7677 7473 4499 2986 2575 800 5773 146 5404 5364 3947 8821 3587 9963 3149 1555 9136 9652 9892 2689 4776 6911 3333 7835 3907 148 4883 2269 6434 4228 3089 6309 6318 4114 546 6305 4036 7336 2520 8364 3426 1877 4320 8373 8966 2327 9020 5866 5278 3469 1543 3830 6613 7881 7998 6933 3053 1755 2279 3328 
45 1393 7314 2882 6059 5963 9298 4230 9488 1987 9316 7393 896 2838 3205 3121 8708 6244 8604 1914 4590 8718 6197 3576 9670 2297 6778 3794 3439 3800 2359 3397 3296 3273 6016 2545 9959 1161 1477 3845 1119 9760 3231 4312 3926 7449 2364 5312 1049 354 6159 6619 5631 3190 3169 4485 5186 5283 7147 9864 7820 381 8886 2542 3990 1147 6845 781 2514 7200 4377 3663 6681 4210 4040 8540 8553 9625 8529 4980 7443 1356 5855 6813 4524 8615 3143 4981 8881 6901 4218 1453 854 8690 5556 6261 9465 811 8682 6207 2661 383 2490 3228 8624 3840 6289 3212 507 5517 2408 4978 4692 1003 5294 3433 4897 9650 468 4454 6349 5650 1784 5692 6949 9358 3412 2845 8932 4297 511 4576 714 1305 5567 
46 478 3490 5261 6625 3696 9079 3904 9197 964 6455 5000 3238 1838 6569 4916 7406 923 5522 5285 7265 3723 2793 9278 7900 5251 509 5320 7193 8181 2099 8338 6615 5547 431 7642 5970 3728 5330 3227 3998 2145 3408 2222 5983 7370 3885 9713 5067 3895 4652 5430 1041 3098 801 1385 8220 2594 4528 1419 7287 343 632 8933 7742 6621 1856 3407 7917 1302 6553 8751 3756 1355 1323 9712 455 3916 7880 7818 5229 3060 5440 2999 2857 606 5917 1982 9551 2915 2424 3114 9354 9377 9441 1723 1950 8315 5420 8731 8605 6383 6021 9999 6001 8285 5726 2489 7692 3986 7711 1336 2488 8109 6978 1520 94 2132 5526 7059 2057 223 9212 513 4643 8939 6815 8545 3571 2418 1810 4457 6471 2781 
47 5400 9368 3698 2000 227 5997 2969 1033 1424 2635 3626 2331 6596 5548 7836 7465 2914 209 6036 5164 8824 9002 5807 9703 7823 7074 1089 9503 3160 9160 7041 3676 3211 585 3440 2233 9448 7451 6712 6950 3762 954 7580 3714 4120 7355 6824 8178 9681 7138 2093 8788 4060 4932 9675 8725 4659 8671 3219 855 9417 7119 2874 7770 2954 635 4133 604 2471 2745 8435 2189 3882 4053 4574 7800 5024 318 9373 7686 2609 7548 5542 6412 1652 1945 2069 2834 590 3692 7204 4862 5910 6972 6581 6593 6733 1476 1191 5953 1868 9202 7957 3999 7618 1641 5031 3510 4512 9389 1935 7622 7794 3664 859 1921 7153 4028 1069 6579 3639 9310 4736 5126 4930 975 1992 8749 1116 8274 1211 707 5825 9627 9586 1480 9639 5770 8674 9219 5816 9966 2299 
48 5154 336 8199 4041 9422 5345 6556 7247 4557 8426 3156 3078 9850 9781 8069 3480 4270 1565 6108 5237 3367 717 6663 7817 5253 6897 5828 8210 9276 6262 187 5499 4927 7266 3109 6033 8648 4134 5808 2964 8230 9119 8093 1592 9521 8676 3876 487 9052 4191 1445 180 6779 8223 6734 1483 1866 2612 6995 5460 8517 7301 6277 7111 9142 2655 6852 1235 3601 3198 7608 9796 7680 9929 7115 6685 8872 3232 1 2581 4406 2065 1685 8621 4942 2900 5678 2615 4286 3317 9648 9556 2402 9839 5621 7813 7441 188 6355 4272 7935 2916 705 3910 1040 7853 2046 1900 3567 6392 8307 8991 8410 7379 2130 3642 411 4150 239 2516 1381 4137 2825 6509 1679 9975 704 2998 7097 7358 6310 875 5728 6701 9063 2981 5120 3429 2590 3857 
49 7781 1108 1969 626 7787 3230 1757 5558 6986 412 1034 2474 1492 4164 9745 5972 6707 6800 4799 4239 358 8007 463 9874 5598 1698 5291 3554 4145 5870 7415 4382 141 2565 3812 8771 5178 2886 8598 564 6951 6977 278 8252 2250 5481 1709 5270 184 3823 2348 1434 4548 624 7671 6945 4000 7201 8594 3200 8643 418 9613 4693 2441 151 3592 4274 7600 6830 1890 6998 4173 7410 2828 3112 5349 6275 8573 6994 7883 5479 6476 3293 2346 1962 6330 715 746 6168 6989 9519 6144 2101 5794 7252 351 5988 7135 3677 1729 1506 2783 382 4409 1266 7246 1730 4964 2084 7941 7796 2878 9084 4432 2534 6213 7947 7920 6132 3953 9771 8977 9485 4780 6664 5524 3585 4276 3987 6348 7272 4412 6119 6793 410 2274 7283 5215 6294 2228 2142 71 7331 1947 6907 6274 
50 3640 998 415 170 3915 8121 6705 3917 297 1626 6982 2670 6409 6329 7738 4161 7152 6236 1365 1386 2549 1640 3783 4055 9113 6545 9701 4482 9178 6241 958 588 7334 9977 1705 7777 4488 392 2926 8811 3043 8893 3890 5933 4408 2465 2330 9487 6180 4441 8763 6934 2109 2664 1958 8359 3682 9720 2671 8441 7476 3498 3971 8365 5376 1166 
51 2378 9100 1065 147 1281 974 9174 4935 9467 5018 1731 7701 3749 5199 3581 1970 3197 449 4622 2742 387 4288 887 3730 2784 4117 8694 2015 258 2312 575 36 1149 3541 6371 8619 5945 1289 2158 8198 2059 3543 9608 6731 9504 2842 9762 2397 8672 8266 8207 1000 1527 8039 9192 4880 6585 2147 2160 7173 4843 245 139 1903 1693 7486 6077 7036 8929 
52 377 8044 8895 6969 1339 1427 5536 836 7637 500 8871 4760 6422 5317 2108 9525 9474 7174 4022 6402 2458 4882 1601 1514 5509 9323 6339 7576 296 5541 9185 3559 3075 5441 2391 5687 5155 6408 4909 7698 8100 1923 4491 596 6430 7386 7231 5880 4968 2604 8713 7391 1808 671 3280 3458 7167 2531 6258 7628 1370 7713 3257 7784 3207 
53 7746 9302 5582 979 7396 7863 8466 1963 3076 8080 6043 9515 1800 555 8378 7161 2323 9666 3123 2245 7690 4166 6452 501 2263 3519 9101 9112 3668 8707 355 2029 4290 8849 3255 4755 5657 6083 8448 2532 9936 5824 9890 5666 2619 569 584 4508 4711 1482 1182 628 4563 5451 9424 7607 9317 2950 7316 5476 8583 2869 9180 
54 6640 5920 9253 1232 1367 2352 4011 2726 5459 8283 1135 4143 8150 7221 9950 1926 9722 3624 8447 7691 9299 5397 3544 2603 8017 4919 9527 8723 776 1539 5453 633 3534 26 7829 380 2434 4348 389 1013 4875 861 8389 2552 2200 5375 4536 5359 8166 4552 9054 8245 8200 6537 7329 884 8562 2544 9690 9248 879 9838 6377 4732 1471 7801 4826 4487 7718 1662 
55 2580 1388 1472 2121 1091 9080 851 7113 5706 8825 7647 2669 3387 3533 5916 9817 9462 6150 611 3453 2079 2513 9012 8153 3658 5323 5623 7974 6209 683 3304 516 999 3116 6270 5331 6298 985 9017 951 6662 164 1467 1850 3009 6565 5695 3973 6071 1236 9728 6092 769 9246 4316 5925 1239 6506 331 3936 658 1110 6024 7469 8063 5161 3171 7758 481 9171 8375 9499 8798 2349 2710 5793 
56 5423 3586 6078 9579 1851 9822 4761 3188 3352 8936 9026 2389 2116 603 4953 3203 7894 8689 3719 537 9894 9392 7714 7395 4017 3881 1617 6458 6124 9664 7902 9191 8951 820 1630 6091 676 8511 3443 4014 7969 9498 9450 1285 712 1995 3278 576 5106 7976 5839 232 329 6156 2732 9167 6368 2570 8337 1383 76 7972 1163 6332 5149 2774 1722 3958 1346 7565 5130 5272 8614 6444 9824 409 5879 916 4649 3095 
57 5709 332 3672 9348 7925 4656 8916 7855 2831 8067 3436 4988 2169 561 9937 2839 4399 6088 7689 650 7129 8494 4322 9371 2867 1990 5280 348 2100 6238 2481 1283 1622 118 4818 559 5268 6175 4359 2681 7775 9121 1748 5211 4450 8792 7531 6495 8789 7571 7533 1798 4603 652 1322 9237 2925 8673 552 5426 740 7748 367 7747 5091 137 9365 9144 4038 3566 323 7281 891 43 6251 4015 1624 2367 2991 
58 7657 5501 8455 2992 3136 2595 7459 1759 8986 3690 5100 6397 2048 621 3976 8775 8961 6799 647 4144 9646 7016 6797 5711 2803 7368 3099 3950 350 262 4675 9216 8988 3079 2672 2821 8158 404 3961 2139 5168 7222 9923 3224 4698 3818 1929 1311 3068 3804 541 5117 2161 5805 8157 4395 6667 4171 6913 580 1528 3996 7145 3648 4667 5366 7566 9471 7679 7146 6616 9163 2675 9847 7103 3037 5891 
59 5579 8282 9711 8958 6971 8699 6490 7983 7644 1282 7843 4108 2451 2 2074 2638 8635 1442 2949 4219 8757 8642 280 1882 2220 2094 4132 9378 8906 3266 7479 5734 9990 7760 3243 8704 2038 5483 1678 9910 7514 9479 3662 9232 8633 7070 5406 3191 1012 4709 8086 1270 5511 6908 3542 4159 7973 4891 8312 9039 7828 6623 7384 7745 8976 2014 2005 730 6264 4737 4853 6917 7930 3209 4959 4417 4347 2089 4787 8297 4265 872 8898 
60 6531 8510 6541 9187 8096 3259 9286 2953 7431 6074 936 5070 1538 6291 5618 731 2627 9117 9669 4559 1858 5390 183 7857 8875 3948 9068 8040 1701 4569 8577 6235 8367 5190 5086 4311 8550 394 4203 4400 9683 6628 7457 6103 126 4373 2989 2923 2782 1767 5474 4842 8856 8049 7896 6492 7854 1593 5636 9717 3292 6889 130 8714 2907 6316 3970 8221 3674 5518 6014 8847 794 1719 1811 9859 4620 9182 1399 2464 1706 
61 7144 7915 7545 7561 5429 8641 3087 9572 6413 3539 8311 4298 3475 8560 3047 6635 1438 1537 945 4426 3341 225 3484 7166 3314 5233 4314 357 9893 1369 8011 5181 3287 2730 5027 9881 8827 8403 3536 4648 7638 9005 991 1023 1930 5056 3267 3500 4221 5195 8324 8053 3092 610 1146 4911 4970 9019 8072 4261 4945 5006 8331 9394 9333 1008 3871 6909 627 1151 64 8478 9311 6266 158 6856 3670 7470 7189 3062 6543 8291 5721 3933 5740 5982 8711 2548 7196 4019 
62 2310 3097 4731 6255 8903 424 8782 8474 5050 8188 8402 3159 1024 3321 9097 6000 4517 4586 9410 5377 338 6928 1109 1364 2499 6715 1636 9638 370 5913 7291 2066 266 3550 8023 3463 6661 6090 8948 5447 1880 1826 2865 6554 9502 2653 9211 6069 7623 7322 5735 4461 8862 8073 4092 5257 6394 2622 2216 5758 5490 2813 5780 4330 6602 7142 6328 2110 819 7629 8912 2554 4507 4654 7739 2804 4096 3700 4142 2659 9973 
63 5873 6202 8802 226 330 2571 9857 7472 888 1067 7084 8334 2494 3033 2113 4530 5055 6136 2369 9623 8127 2807 185 6886 2077 2936 6690 4323 8117 5132 7184 1873 4362 2752 7177 5998 7315 2049 709 5198 1063 8710 3944 9809 2022 6072 9130 7228 1316 400 3641 2679 1623 3329 8940 8457 1780 7837 2578 3656 3545 5525 7759 3002 4771 5749 522 7000 1267 5699 5572 5463 1268 340 8823 8923 423 3922 9313 7513 1980 1865 6622 3720 3693 3126 6504 
64 9009 2314 734 785 5957 2333 1891 7488 4223 2682 7511 4153 7707 1610 5647 6963 9134 8859 1028 6333 88 7962 1133 6682 6359 1857 1872 9598 1252 2148 7663 3732 3737 3611 7323 9409 6822 211 5116 7861 4810 5543 1199 7104 1195 321 7640 8668 6282 3689 1081 4535 6250 7409 7090 5940 5355 344 5354 4189 6190 5148 9679 4556 2695 4345 7963 1770 7223 3340 5281 4572 9404 6745 9037 8485 7483 7908 8816 1503 3789 1699 5040 1700 4194 6709 2759 8634 8667 4057 9887 7609 3489 4790 5948 1756 2944 4001 440 75 8077 2392 9697 1941 4733 
65 620 9473 4998 9148 6652 2208 1772 3058 5781 7339 1059 7725 9210 7024 2173 1694 2972 7515 3130 4124 3478 9059 3657 5061 5496 2291 7929 8854 9819 722 8224 8340 4610 6722 2946 2088 402 6562 1669 8048 8733 2187 8601 5096 1363 1398 3816 8537 1631 8786 3837 6493 2729 5041 3004 1536 5427 8531 4024 4833 4521 4994 9306 4433 5299 1670 7387 7670 5765 3081 688 9793 3117 567 1249 4773 9083 5806 2899 3018 4663 6979 3811 3065 2231 9516 8584 6201 9243 9985 3010 6939 2971 8495 3038 8384 
66 8680 7067 4678 3305 1804 4398 8702 9356 4281 7660 2846 6599 5170 3589 7625 9573 9321 8922 9974 1775 5 6520 2180 6683 1278 1224 7292 6404 9757 4519 7721 3520 4405 8475 1459 3598 7700 7075 6114 9714 7946 9972 9497 6006 9832 4353 4715 9459 2154 6888 1080 6311 7085 7765 1456 1280 9189 2746 2757 3745 1394 4178 6898 8632 5244 7402 6868 5398 1358 5327 7207 6053 5247 4581 5821 8663 8430 3859 6216 9920 6113 6862 65 2688 218 8942 6228 3185 1048 4177 6247 7684 3007 3402 7542 7678 8351 2351 9397 5846 
67 6438 1553 3330 2904 4205 5369 5718 4734 4608 8685 5134 5905 3382 79 4713 7733 483 2205 6170 6242 2316 6376 5514 2209 7168 6440 7539 4926 8609 9928 1529 5016 8394 5159 981 1827 3365 8013 320 7697 8392 115 4082 4834 4671 2518 8791 1501 6851 6061 7675 8425 4458 2849 6952 6820 4626 6010 9552 3309 2799 6049 9047 9176 4641 3946 4729 5224 2426 6614 8585 2495 4242 6677 9038 9239 8586 3496 5230 8482 6505 8135 6905 2406 4587 154 6373 8257 83 2510 9788 7295 9858 
68 1038 9398 1261 7434 3286 419 3548 3896 3299 8037 7198 3451 2761 5196 977 7462 24 6518 4334 8211 741 1600 2479 1819 3509 917 7928 6964 1126 9718 4961 3691 5179 8656 5859 2562 3842 9995 3167 149 5611 8258 369 3151 8915 3810 5080 7373 4609 4464 327 6161 7599 1511 3809 5691 7463 428 1733 3223 5193 1112 7710 3006 8361 9312 9997 1130 1899 3599 1263 578 821 3016 7278 3399 4808 4606 178 1225 1439 6095 2519 8869 3819 12 563 3108 7705 301 2092 1735 3385 1566 615 4899 1475 6906 1088 5505 9449 6382 1204 1782 
69 7611 5974 2363 2155 3258 1714 372 7534 9537 215 8399 464 8878 1855 7811 5101 2573 9420 3561 4250 1227 850 9162 3441 2906 8496 3779 3085 8530 3549 7535 4906 9836 3013 7537 8561 4278 8509 1554 6439 1586 8975 9685 3134 9260 1167 4990 5512 2754 2673 8041 2182 7054 815 1789 5167 134 4816 4855 406 50 8638 1717 2996 6280 8134 3141 6895 5311 562 3798 8189 9926 2511 359 9914 6399 9092 3609 7878 9218 6128 962 9193 2719 4479 1279 608 9345 4351 1124 7239 6855 4831 788 3883 4324 5434 1869 143 
70 5684 5889 5338 2276 6723 5620 224 4098 4206 6450 931 2435 6313 9512 6365 835 892 6214 9595 3501 3242 5384 298 6030 1403 7779 8957 9514 9825 9851 1098 8554 3091 4369 9654 4422 1035 7280 2288 8472 7289 6551 826 2256 9724 2278 1785 8175 1051 8734 199 1777 3372 6179 4840 8918 6926 5306 7659 2272 2413 4386 3699 7357 6265 568 9329 1974 2537 8196 4879 9738 8400 3563 1911 6037 1502 4628 9734 8539 5638 9617 7141 6589 2741 1863 1497 4986 8947 9912 8261 5189 3354 312 3272 6828 
71 5502 2785 1609 200 8836 9668 6491 2166 2004 7480 2963 7654 9918 1531 8242 6610 8810 1972 3530 3464 7213 2043 4299 5435 6393 9381 9807 4463 5414 3008 2982 9137 3481 228 9554 3070 4037 1138 8844 2527 8276 5252 454 6070 4341 8863 1619 5613 6624 3435 408 8965 2191 856 8112 7971 4812 2174 1050 7712 8348 6273 6960 6041 2070 3082 1333 9563 883 7899 457 2934 8260 4578 1455 8414 6227 2453 257 8670 6533 2984 6220 6835 7403 700 7916 7551 4500 1206 1190 
72 4567 7893 3570 7332 9419 9428 307 5419 3128 3526 4100 3448 2172 699 3572 3751 5433 8727 5239 1918 2797 728 3560 7352 9296 7320 4186 9340 2210 7540 1437 5174 874 111 9776 8204 3919 3667 8556 2461 5651 9008 935 8612 5962 9363 4251 5696 3552 1094 9264 5949 593 6297 9452 7886 1976 7060 5255 4020 4896 6390 8169 1939 5981 5275 8683 6469 7455 5617 864 9710 7841 2962 3052 4832 1599 8231 5912 4023 5240 5388 4573 7261 2960 1375 9245 8883 7319 4534 5643 
73 4361 6388 9976 6081 2524 7948 553 7435 9848 3731 6229 9184 2503 8726 9227 6584 4128 2598 1014 4922 8892 249 5589 8317 4822 1061 3206 1408 3969 2466 9577 192 6736 7769 8075 5902 3187 5987 2025 4789 4271 2994 5798 5289 1728 9665 943 7030 2012 1095 689 5635 3122 1216 4967 2602 6208 9140 1738 7610 4830 1164 2724 5810 9721 1656 6649 6046 8564 6101 9986 4867 4723 3366 4456 3030 3470 4685 2450 5703 1015 8132 9154 1078 2448 8042 456 2041 3865 9021 1314 
74 2218 8468 1745 294 837 7596 2060 1207 7313 1217 5603 2196 4358 9852 4477 8730 865 7810 8795 8552 2119 5990 9909 506 2372 6200 3869 5321 238 2080 8038 1072 8801 3348 2246 8000 5731 3150 163 7126 5661 805 5995 4714 6863 6497 9435 3401 1075 6219 8303 5645 8793 1307 675 3939 5923 9878 7840 6597 4495 234 4010 205 9930 3754 4352 1103 601 8800 2244 9440 3564 7165 2773 6064 4928 6423 7426 4661 8115 1454 4452 460 6369 9338 
75 949 3930 3752 4670 3336 6713 6451 9645 6801 3697 886 4455 2794 2394 3618 7552 5854 4224 6457 9337 4630 8526 2463 2335 5172 2921 4200 2528 4938 8981 7489 1560 8368 8191 7620 1758 6234 617 6657 8279 841 1683 9314 8352 9583 6607 1591 1298 2723 6176 637 4163 1583 6386 6443 9430 1401 3747 8290 4908 271 5151 6485 2624 2040 3595 1348 347 5475 885 2841 3460 2683 9320 2535 6237 3297 6810 230 5563 5898 6199 4380 5591 9415 5849 9873 7105 8250 7034 6814 7458 1284 7288 
76 6550 6658 2309 5977 4046 7107 2657 7419 1569 7845 795 5071 8137 6084 2140 947 7832 504 5248 5527 1430 1508 6378 8921 1611 3245 1413 3949 7134 1005 7022 8473 764 9500 7447 9996 2343 7437 7096 9458 7238 5901 2390 3892 4765 7951 5177 525 6321 6433 1220 445 5964 589 1697 1635 9118 3129 2254 5197 8415 7980 1011 7808 8521 2556 7092 5144 9861 8815 7612 8343 8172 6717 8129 6515 6198 7502 7385 8574 6271 7399 8780 9524 7116 4695 8074 
77 8201 3808 2607 6777 8148 5175 7587 9225 4202 1862 2028 7185 2419 8813 6668 8149 3031 4453 2095 6115 2082 403 3410 669 5714 3334 8877 7757 7681 3524 9752 5583 8520 966 2483 2452 9249 9331 3558 9062 1639 6869 7121 4584 364 8422 5103 9594 3614 4770 6503 5594 911 5156 3848 2709 7782 2656 825 890 1233 6884 4704 1867 3733 9753 6890 8576 7442 8450 9403 6575 1513 5783 4071 9590 5455 5799 3622 5288 
78 2243 1426 9687 6225 9740 7257 5127 6812 3166 8536 8897 7421 5039 1588 2736 237 6755 3455 443 3434 6752 4777 716 4531 1157 5110 9938 2308 7889 8476 7359 9033 4673 4093 900 9138 5087 6085 3291 5915 656 9116 5026 5058 1002 4580 549 8382 9766 3322 6930 6915 672 5075 1392 7933 5841 9088 4553 7276 4283 3515 2115 8385 4393 6456 2808 6352 8058 4856 1120 4884 7438 6463 5284 8003 9460 
79 7203 6894 1083 2738 3215 3158 548 2805 2480 1984 5361 6098 622 3878 7303 6992 8123 1246 3660 752 5302 1145 5676 5533 9700 8766 8027 2933 2665 1341 1001 2400 8470 4900 9618 3488 3647 1324 9916 5626 2988 7834 6142 7993 7887 2215 754 4032 6145 1542 5681 6056 9421 3555 6651 897 2648 4043 9677 7597 8233 99 2780 1469 8728 5763 2718 4868 6029 9413 3066 7490 7774 
80 9725 2313 7913 4767 7981 3485 4217 3997 8284 5292 8203 6052 2893 6557 206 1274 9616 3513 3427 7356 7940 125 5254 8608 8033 9663 9545 5313 2078 767 9109 4889 1144 7879 8263 4371 9010 7002 8110 1875 2133 7481 8962 1690 4006 5629 3755 3911 3486 3264 8238 3300 2564 8465 7613 3669 3023 6598 5697 8845 3276 1368 9565 6272 282 1410 9304 6418 
81 6538 2122 1681 8020 9994 8249 9536 3462 1106 4766 14 7575 7761 1441 5755 5298 3339 3022 4172 5037 7997 5946 2062 1774 2476 9190 8575 3161 8752 8768 8015 413 3695 957 9729 287 6283 485 3638 1654 5445 5686 2639 7163 1894 9175 3318 5303 9733 8197 5143 1291 8209 9181 7423 9768 3847 4849 3596 9087 9461 638 4739 5586 3701 4204 8346 625 986 
82 2404 503 3605 9643 2204 2699 7011 1139 6674 1589 3716 9209 3295 7927 7164 9003 9816 4129 8639 1919 8662 533 72 8719 5235 7249 2482 48 5796 6686 2649 8146 1817 8979 5715 3217 4825 5729 2630 2213 3173 9680 9955 6224 7114 980 7986 2871 1526 6580 5118 295 1846 6267 2262 3096 429 8852 6716 302 6445 3827 9806 6188 8380 7273 7938 7048 5217 7723 4871 1760 
83 9570 5131 3627 7939 3821 9186 1027 597 5480 5702 8087 303 9560 5011 8066 465 4259 1244 4881 5219 4769 2553 2487 612 3180 9957 2436 85 7268 4870 2097 5160 3374 4987 592 2296 328 6512 3955 9173 4901 7736 7516 1515 9626 3302 2823 5046 1118 772 1959 6484 6351 1335 6005 7582 2086 1682 1825 996 2206 2198 7888 2931 
84 906 5422 7704 9075 1749 9826 8828 4339 1397 2560 6883 4929 4925 2376 6249 9370 2768 8882 1406 8139 2178 6788 9158 6022 3726 4513 7299 5363 4872 2023 5896 5250 131 3843 2818 3897 6826 6882 4497 8818 5374 3565 7766 8076 7892 5121 8812 2430 7956 3974 4546 3681 1222 2508 6833 9948 3795 2600 2583 106 7088 5307 7594 385 1254 9111 2284 9773 8452 5324 
85 789 8900 582 1977 1957 1822 9632 1845 8953 9018 1097 636 2384 6360 7019 1371 9606 852 5544 9308 8286 5140 1823 7397 8535 7027 3262 2412 7172 28 2677 1791 8413 7381 4337 5682 7187 4016 1499 1415 512 2225 2776 8165 2360 6919 695 7452 5748 2179 3046 1473 7286 6344 7750 1509 289 3777 9945 591 1988 8164 108 8527 5747 662 42 
86 8972 2705 4852 7485 930 5538 2275 2714 5489 4061 3184 8754 9265 4566 4804 663 5035 7274 797 1648 1352 1572 6650 3155 4460 1099 1587 5112 6157 3634 6586 1876 5895 5301 399 2117 8657 6260 8022 4809 438 1077 5263 574 8850 3086 1030 4420 9558 5632 1218 4169 9056 4215 6221 1853 1839 470 928 1330 7727 3452 7989 6627 5468 8427 2336 
87 640 6058 5966 8772 5844 4111 7132 9082 1457 6062 9772 407 5519 1525 543 4934 6984 5508 1687 5057 9379 6323 845 9135 9486 2523 8758 2126 2226 3835 3446 3140 993 7720 7859 1581 9899 3216 4504 2234 2315 3284 2538 4269 3507 7991 9949 8924 8051 542 8997 2411 5554 9802 8499 6692 8551 9780 5528 5334 8151 5097 4700 5790 9418 2304 
88 1353 1366 7045 833 1168 3394 1360 3531 8724 6954 1486 8193 6774 7868 8984 3240 9030 3391 1657 3854 3623 6421 9177 7897 52 9601 8119 5260 3602 5411 3080 9783 4232 4668 6102 2027 939 8396 6980 3234 7106 798 6789 3584 6500 1655 1411 8456 6802 47 992 9139 696 1158 1769 433 7018 1031 1951 8019 9463 7555 
89 3044 9352 2877 8501 1832 7918 7233 3235 4009 6063 6946 5535 784 316 5491 3430 9629 4149 1597 1711 6654 9876 1046 5789 5444 5741 5325 9934 1802 5469 6489 6691 2836 8629 3315 6962 1956 3739 5795 9998 8581 6738 9877 1915 2287 6900 8876 4605 5044 4236 2433 8265 1123 4645 8841 6470 1809 3629 2329 3189 9061 1380 9155 346 
90 6232 9275 1187 6327 221 6747 5399 5513 595 8052 8722 5059 8244 9328 847 3914 5318 9357 3396 2917 2036 5952 9931 3705 3729 1349 9380 4561 1629 6018 8363 7267 7674 9942 6844 8449 1909 6372 860 82 1219 6808 2884 9289 5192 3791 4719 6320 2242 9411 5222 7263 1212 3873 9093 3988 9964 4681 5853 7122 5590 5019 8743 9624 
91 4655 3935 6866 4135 374 2370 7176 3954 4758 6638 4085 5909 515 4419 9549 4551 4995 3375 4748 5772 905 9750 5343 476 59 7444 4077 7664 8522 1432 4018 5023 1713 8983 7256 844 7282 8538 5634 1079 2388 9125 1213 7312 8589 5381 8543 8565 4674 6818 105 6702 968 7279 9911 3072 275 2184 7297 8155 247 1209 3120 8729 5348 3379 2289 
92 401 6314 2755 1111 6487 4065 9827 9891 927 3369 4518 7636 1776 739 1816 6384 9242 1671 1576 9792 8890 8098 6953 6044 4682 4305 8259 7053 762 2749 9399 4792 6442 7557 560 4392 2379 2502 9166 9270 6763 9946 8477 474 5674 6609 7429 8888 2815 5206 1150 4467 1433 7578 453 2003 2342 5503 880 9408 9254 9204 9268 2770 8404 
93 1327 3477 3358 787 9557 8358 7417 1584 8902 9041 2584 5761 9322 6060 924 3763 1423 4329 6079 5495 2457 5980 2283 2175 1608 4686 7649 9841 1495 6840 7324 2081 2019 6031 6325 3952 9036 3831 5914 7133 2104 538 3965 9179 5387 9383 8145 4839 8720 6342 9981 5893 2221 8904 6837 1400 9402 4152 1602 4483 2715 293 1910 9580 2970 
94 8064 4708 7826 6742 8835 3556 1833 448 9489 5438 972 8776 1937 4615 4325 1985 7066 3735 6514 719 5722 1238 8542 4895 4116 7023 6281 779 4983 7687 6639 4074 5356 5553 7214 8061 7767 4059 5546 6959 5362 7259 8004 8887 9427 2588 5341 921 5085 5344 5012 9812 4389 4616 8740 6631 3444 5836 6002 2164 5136 9369 1223 
95 5017 3620 3853 2787 2587 4349 5576 4657 1296 9814 496 8588 1255 2955 7598 1159 6653 5607 6891 9856 3736 3901 5813 3920 9105 2952 9168 3214 6770 1016 8880 9917 839 8437 9115 3194 6728 5570 102 4593 4550 3179 5887 7235 7149 5537 4033 396 7633 5652 8652 2727 253 5660 5448 4589 8273 1053 1547 7240 6035 44 
96 5967 9226 6719 6997 1025 681 6547 1710 5410 8288 8769 4841 2701 1417 9546 8018 9006 5380 1644 1134 459 8866 322 1794 4522 1468 3438 2734 7995 9071 7254 747 6923 4319 1143 3362 7493 2816 1344 9053 2731 7005 3793 7562 8931 3866 8370 8347 1186 7871 2751 3744 4618 7959 3951 9195 9453 4174 9505 2974 55 9992 5207 6754 9366 6416 87 
97 586 319 3192 1505 7773 2016 4696 4701 3359 8650 4121 9612 5072 4130 9630 6711 3479 6659 2647 8602 4984 5838 7790 3968 1736 8504 3851 2455 8630 4510 9863 6605 4687 5036 1340 6340 9810 5401 9952 4118 1676 210 7931 8653 1718 2365 7416 1965 2399 547 2631 2658 9591 4258 2645 4591 2197 8571 7824 1743 5099 
98 8616 3654 3760 9803 8487 7952 7304 6753 4854 7630 6590 2165 4918 3421 4327 254 4192 9206 2979 6488 7532 2217 1176 1269 7572 2153 5654 1451 2918 4636 5485 4594 2247 8745 8438 3119 9279 2901 6269 6187 8654 2382 894 8180 4379 6936 9067 7260 5778 8459 8894 326 3323 8506 4890 5837 3766 
99 9164 4905 1004 4851 878 104 8980 1183 2941 6284 8393 235 6583 78 1173 6278 1297 5595 7436 579 2321 7063 8486 1550 9096 7921 5878 4819 7190 6398 1086 6405 7226 7169 4180 4966 8777 2037 3450 3301 9395 3381 7950 3316 3384 6089 6670 4565 7140 4997 8328 8631 7740 220 1021 9727 5492 3688 3711 5540 140 
