100
0 3938 1258 1193 9085 6976 49 8748 9384 9818 1706 1910 5650 6148 6402 1514 7368 8470 3212 8450 4445 5082 3875 161 2121 8417 2092 5481 8957 7755 4894 2357 1614 7975 7351 4800 653 4264 2576 8587 814 8418 9781 1549 3293 7665 2624 510 4891 378 9058 3337 7608 7174 3900 3651 57 309 4799 231 384 7206 528 7555 1986 7365 6947 1452 4597 4898 6410 9123 2504 8578 1461 90 6692 7497 5883 8215 566 9364 2888 8739 4728 8991 5374 1299 1036 9960 5148 1781 7462 3642 2683 1485 9808 799 6437 1175 6791 6850 6233 8116 7881 4476 9120 7523 5045 9396 54 6073 4670 6577 3067 334 371 3313 9480 5259 4624 3423 8735 4435 5349 4316 7972 2885 248 3750 4119 932 6470 5668 1189 9372 1321 9306 6176 7035 6076 2536 8245 9460 9262 5941 6033 8678 9947 6888 557 9526 7944 2142 3143 6094 5163 7652 8829 1076 7917 8708 944 5233 3445 4255 2017 3001 677 1561 3207 519 1362 2132 3078 1007 193 4397 7094 145 8869 
1 8461 4616 9882 331 3638 3198 5335 4544 2566 3591 953 2259 9241 5932 6731 3026 3757 3779 926 6897 243 1250 2432 1816 4165 2678 5746 272 4623 1678 2043 6652 2230 5731 4410 2471 5993 8838 9221 9796 525 3341 6657 6728 2943 6779 4186 8987 7505 2240 8946 808 2745 2189 8067 7661 1537 7449 7231 3277 9670 9160 4796 7209 3918 786 3187 6026 2646 1119 2741 7085 2812 1082 952 990 721 3447 8889 2675 6163 3732 6618 5719 5189 5146 4424 1768 4307 3501 3571 388 2105 9995 896 998 5678 834 5368 514 6952 5621 2959 1771 2101 9358 3511 4272 9761 7467 1068 6215 3069 4209 2930 6080 2407 4985 1938 5656 7432 6660 2511 3713 9552 5974 
2 6222 6746 7474 4502 9707 5197 9491 4344 7682 116 7412 6694 7729 4246 7284 7372 191 4268 9153 5646 8113 5693 9530 6855 7479 2447 9794 1735 2858 3963 9678 7060 8189 1456 3881 8371 4829 4207 6292 5344 389 8351 552 7982 1920 660 7109 9500 9429 8260 5920 5812 8607 4412 687 5273 9037 1699 1085 147 1161 9348 5199 94 707 141 1724 5055 4377 3613 4782 3390 8563 6308 376 1866 8495 9311 5028 7964 2859 5520 4067 4512 2618 3396 9898 2031 2850 6443 7317 1995 9340 531 6262 6665 6713 2403 6189 2135 5116 67 1272 5851 127 830 4380 8319 5544 2098 8326 324 418 8061 1869 233 7579 2219 6890 4224 
3 1978 6201 7973 6171 9490 9755 125 1286 409 3195 5278 6559 1402 4411 3256 9991 911 2065 4084 6455 2268 3338 8684 674 5637 3772 2033 8463 7756 7609 1721 2232 4385 6536 6710 8804 68 6285 9379 6587 4860 9773 1617 7595 5386 7987 3245 2359 1544 9780 5216 5799 2860 9488 4338 2295 1620 9634 6140 2747 8861 7388 6321 8947 7166 2042 3898 7811 6378 4932 7392 8135 3019 4663 5674 2856 3649 1382 6867 2343 2096 7463 9200 3614 5285 3399 4079 1664 4173 4177 7318 7928 7076 2392 8341 9339 7771 2169 857 7407 1313 567 5382 1819 2833 8860 8774 4976 9895 4629 4671 4869 6992 6570 2039 8733 3470 5119 2416 4251 
4 3556 8574 7832 2706 4276 6868 2172 6502 9184 5896 1612 9152 8008 3434 1071 7451 2409 4355 2425 12 5194 8195 9260 8746 5238 8258 4717 5973 7700 3611 4644 7728 3075 6040 8292 8205 5534 4704 3497 4413 1048 7540 2526 2009 8973 1457 2127 5874 8699 9231 1390 7551 3585 9315 2417 4973 3924 489 8225 5781 2180 5080 5838 88 8831 3926 9913 8043 1206 690 6870 5196 5414 6156 9417 1619 9043 7461 9033 3393 4287 2617 7403 8893 6004 2983 5622 8242 9961 8716 5984 8740 452 2470 448 2593 8294 3861 9025 3999 502 4029 5302 1971 5979 5626 471 827 369 7277 7123 9351 9914 6927 1746 5127 2822 4858 1747 5016 
5 6387 6689 5694 2849 4986 5342 8558 8826 1613 3085 8140 7092 6138 5525 5139 1361 5849 6643 3812 3801 5244 405 7089 1069 4094 2826 1907 6071 7627 8427 9905 7565 5340 3874 1717 9156 938 9594 8397 5437 3247 2276 3514 6602 8819 2082 5056 9019 1787 4374 2775 6754 2163 7113 8515 6218 6460 3624 4567 6355 5598 8269 2050 5474 8317 569 3738 8188 4489 7084 7957 9086 5258 4774 5024 8952 1882 3193 4398 1512 5768 9901 9701 4879 6110 7951 9733 2709 7935 6846 9395 4345 9820 7360 2552 366 3090 7915 4455 6353 4238 2366 9391 1535 8989 1858 2800 86 372 1670 4576 5869 222 5117 2570 7719 
6 3354 7977 8691 1404 4659 5783 1702 6816 4517 3230 1183 3168 8595 7184 3186 2610 2785 4452 1058 5765 1945 3562 7229 3415 2626 9388 5283 3766 2934 3934 2252 9736 466 5111 1301 2303 4196 6879 7681 8172 9778 6051 6041 1738 1459 7889 3725 533 3388 4748 4590 4107 9660 637 5894 3022 8281 8472 2444 5358 9978 7194 9387 8609 2058 7095 8968 618 451 958 6278 7934 3576 9543 3619 2968 3509 8316 8737 3517 4082 9774 6549 2883 6364 9619 478 5461 3532 2913 120 2940 6759 364 9286 561 5524 6910 6358 5756 706 6336 8130 2266 2229 6439 678 1464 9922 8627 4456 
7 7856 8263 4944 8993 2028 5327 8833 8659 259 1210 6849 6224 5322 1213 8264 2328 5884 3248 6418 4542 4927 2367 2103 6126 5165 8555 1073 2964 3945 8745 1622 3503 8911 853 8928 951 840 1354 7933 2864 8254 4437 6415 2347 6466 6724 6433 1342 4439 4399 4673 1996 4453 4691 1011 7383 7829 7302 9843 2851 3129 2487 5831 9645 1805 6737 9648 847 8011 2781 3800 1941 1966 4541 5286 755 2771 1081 6363 4526 1246 3279 7131 7248 9249 2754 1953 6463 6574 1522 4847 8379 9809 5958 4777 2090 877 5304 3842 3603 2394 260 9001 8679 4100 
8 8078 9002 6125 427 4054 8012 969 8873 5605 1268 2278 8357 8543 5072 2774 8711 8776 8697 6493 5833 2640 5739 2533 7477 7537 732 3296 1167 6937 8297 1542 7663 1658 5009 7714 3641 5877 6760 3010 3327 1516 5514 4464 2605 6219 3887 5705 3048 1293 7172 4202 2806 5555 635 3204 8962 9544 9472 3250 4405 5675 8534 1159 9839 1899 2265 5623 7902 2183 1435 7530 4583 8010 2738 9145 9857 2157 2320 3824 1952 5043 7877 65 9383 9346 6368 7875 4545 679 1997 9598 6562 6508 8668 8007 7377 1780 21 8107 7087 3804 2130 5170 5673 7357 2089 8649 6646 2448 
9 3903 9886 783 1118 7207 7058 977 4941 7976 8934 7612 436 9742 2000 5584 4758 9442 7303 2116 8197 8857 809 2467 4912 3542 6283 3332 5141 168 9484 178 7414 1752 3000 2338 694 2644 139 2938 3244 3236 7892 3126 2900 605 914 5539 3808 72 2687 362 4163 9636 7118 3833 4940 7244 1035 4160 9505 5987 4490 602 8405 710 6583 6084 7042 1574 7493 3163 8788 9201 3443 3747 2207 2988 6688 3306 5743 6179 1059 3118 3063 4776 1911 9723 3894 3856 4808 2870 8944 9920 4285 753 2136 3667 6520 9873 7048 8643 2327 2246 
10 7134 5583 6608 2908 7399 3380 897 2377 9502 5654 5353 7025 931 7308 3176 9479 5714 8633 9946 7310 5392 4041 4700 3138 7393 7712 8174 2076 8924 7791 3660 2131 6064 8813 1701 7821 8415 7980 7193 83 4647 3014 1586 9724 6479 4256 5679 1234 1520 2293 4907 9529 9355 177 7402 4434 9350 5092 2948 3382 5402 5121 9806 4743 1303 6957 4486 4481 5312 9604 2630 9753 6453 2733 9269 5549 2269 1017 578 1019 3569 7327 5378 281 4764 6225 6573 6763 4693 7295 6099 7742 7709 6136 1562 4588 6771 983 2216 
11 2381 7718 4 7879 9623 69 1590 3285 9848 4798 624 1392 9673 7806 9957 8081 6208 9822 7587 2048 5562 5466 4155 5470 3140 7939 3500 1229 5937 5293 4278 325 9764 5681 3657 7200 9496 5175 5301 7358 7221 8019 1876 9151 2459 5236 3806 8844 9148 7830 7770 643 1448 3151 9458 8741 9267 2998 3939 6551 2984 6085 7239 278 4684 5270 4946 5475 1447 9523 9400 9403 4535 5886 9131 8158 4113 3071 7741 9788 4842 6732 5068 1897 9108 6832 8334 7114 7431 4960 7338 4557 2045 8070 2764 8336 8374 6030 8821 3348 
12 9939 8662 1672 9225 312 7242 1430 2985 5131 6115 6505 9179 395 9359 7212 2910 2768 8193 4611 3896 1530 3460 2699 2209 9187 543 447 9175 1991 6620 9463 463 6370 166 126 8449 8852 5237 6376 2702 2340 4620 8442 1851 6861 7710 4626 752 5964 7978 9456 3646 549 7274 940 9503 8617 6100 1639 9508 2694 4896 7121 8155 5854 3376 3189 2725 2528 3044 7093 7090 2106 301 6101 
13 6065 3711 1148 9059 5220 4538 5792 2603 2400 5755 8356 2087 1948 1151 7625 6550 1156 7428 1224 5494 9335 517 7185 8879 2178 2095 8087 9088 7286 7022 289 6441 1789 8284 7293 5690 2190 1424 8798 1223 9578 5371 286 8270 7534 3480 7531 6738 2446 5416 5500 3676 5918 1577 4884 3404 5600 4834 9072 2140 445 9621 1377 3173 625 6831 7217 7668 6052 5777 1852 925 41 3598 4885 9431 1723 6007 9684 3147 9787 2201 5724 4674 4866 7604 3371 7650 317 3609 6797 
14 7107 4870 8476 7343 4093 8406 9481 5254 8738 5383 581 3202 7495 5136 3537 2346 7946 7390 598 7762 825 4599 9562 672 3488 4187 4947 267 101 368 9757 8579 5808 8526 379 8042 3948 1422 4556 1218 8490 3516 7156 7289 3941 4383 3741 3361 9421 7929 9029 742 2177 3813 9912 1425 414 5868 306 9596 7001 2191 3974 7371 186 6589 1291 4580 8399 6568 1803 2574 1821 2332 2483 8041 8847 6970 5977 2615 7396 8308 4116 6723 9504 1643 1611 3391 3013 3857 5039 8384 
15 9011 5903 4221 5339 8582 5695 9776 6655 1849 3058 4770 9639 6821 8824 6491 1406 9461 3468 2906 8693 5760 1825 810 2249 6827 518 8063 7815 4117 8230 1174 1135 5262 9531 3883 345 1037 39 6018 3795 763 8667 2427 593 5035 7658 4562 3878 5026 5684 37 5001 1508 3025 8482 3319 7124 8926 7907 8815 856 6188 4577 6842 9549 8885 9116 3628 7213 9426 7872 2176 8075 9777 4859 6776 5145 4312 4056 4200 146 1436 7795 9528 6498 4566 8451 3451 
16 8168 4835 7945 7468 504 8606 3799 7761 4872 2594 4253 6962 6636 2500 5110 3834 8380 5284 5853 1309 8599 956 8056 9784 3582 46 4098 6267 3139 8884 1767 9044 485 6483 1754 7993 4267 7936 9996 8955 2600 4292 9637 359 3540 3107 183 3944 1959 9334 6607 1002 216 632 180 3949 9602 2311 3978 8031 7887 7030 568 7644 9997 4983 5442 1132 589 1441 3850 4821 2976 9464 6373 7621 5876 6599 4933 8548 2887 3873 2677 745 9712 6563 3031 5239 
17 9447 4568 8395 2656 749 8084 3682 7496 711 1200 5847 6716 3215 7164 2291 481 8392 1288 2769 5214 756 9168 7857 8160 4448 3217 6751 4191 6213 2258 2761 5702 7352 1555 9565 6717 1807 7488 246 7077 1960 7257 7176 3737 1128 9020 3272 1589 9558 8912 3464 8029 8079 7314 6674 723 5860 4797 7547 1791 9758 3832 17 6131 1536 8216 2355 1983 194 928 1046 5144 3442 7517 2667 4071 7081 5635 4046 2064 9655 4183 4745 5271 3220 234 
18 8256 9253 5248 1729 2532 8365 1014 7981 3303 5006 4803 2907 9209 1157 7938 5630 6784 2251 8632 2248 1001 777 15 5387 6492 6749 2476 8473 9546 7846 9805 6819 2308 2724 6896 807 3484 3719 4237 3645 1475 669 8877 6260 8752 5925 1969 7466 1686 7605 1809 1635 3505 8531 6005 8521 1166 5126 2296 4051 1552 6132 8455 3504 3164 5112 9087 2075 3362 9548 1108 2155 8605 4420 4952 1308 9590 6808 5066 7158 7419 6118 4039 6464 7680 6113 
19 4765 3981 7355 9193 8122 7437 6249 4018 1923 3410 5652 7992 2935 957 3655 9050 1957 7666 1220 965 9768 9629 6217 1979 2109 1566 8457 9514 2736 5512 8186 4075 5686 6912 8729 3262 9888 7594 5164 890 4801 2099 5281 5480 7535 5841 3161 612 7024 5401 7855 1341 2390 6239 8596 1369 1283 5224 8999 8878 9541 3368 9186 4339 7394 1604 465 2329 4667 878 4848 6331 9062 2450 9536 8159 4939 2876 4218 1088 4890 1013 6743 1846 5798 6243 7148 
20 1322 6769 8900 6272 4484 7021 1690 6726 836 1133 8265 9242 2522 9176 4818 4923 7932 7457 1450 4852 9065 4057 4660 437 1654 1934 8003 9762 4216 5732 6586 2463 5863 14 1553 724 4281 4438 2498 4482 2260 6503 9138 458 9278 4244 5019 4359 5419 400 4250 494 1413 5999 9870 3759 6582 9304 9897 8267 6516 3563 868 9921 1080 7803 9371 5132 3769 6542 788 6175 8277 4950 7726 817 1039 5852 6752 5737 9711 9092 457 
21 2621 6003 3180 5455 9295 2205 9790 7136 7679 2027 1134 7263 7116 3845 1661 920 8278 4929 4390 5023 6915 4001 7279 2954 9113 8169 3685 2134 8123 5594 6686 6521 6310 2419 4511 3574 9871 3264 45 5229 6392 3191 5796 2619 1438 3418 2778 7734 5289 4959 8251 8163 7334 1784 7623 6949 2429 8827 6619 8663 3644 571 9735 2016 6436 9136 6755 5290 3171 9235 1625 2281 2649 8979 5354 5897 2068 3290 6981 8800 
22 2005 3964 5389 7597 4488 515 841 2564 912 8845 3097 2562 3839 7071 2704 5431 8683 7922 588 761 5744 695 9476 8329 3984 1078 582 2204 4856 498 4372 1273 5337 349 3047 5246 2560 8642 2376 8661 2797 3971 6892 4886 7986 5749 1474 4158 9418 4786 6929 1828 6948 9041 9545 8400 4021 9075 5087 1469 1481 2049 3893 3755 8207 2957 5432 8538 6700 5612 6344 2549 9677 1871 3774 2540 3006 9793 
23 1418 4201 7096 8886 1688 5241 2627 8890 4722 8696 8792 6362 1064 9090 2972 8146 9493 8275 796 1559 2214 285 1415 3486 7490 8849 5421 7499 298 7483 8687 5966 8717 1596 163 6980 2639 7122 2222 5813 3344 6800 9804 8524 8027 5058 7664 2404 7473 4473 4840 6683 9467 6696 5183 1248 9926 4120 257 4426 5774 5775 9370 8718 8382 7230 532 2830 2231 4422 774 3650 2581 3276 9008 3206 
24 9385 553 4003 8346 4513 6967 7202 8575 5381 1074 8790 1847 2703 5797 2607 4805 7097 6507 3238 8212 7963 2817 9799 8491 7997 2061 8203 1386 5564 4813 1970 2527 2370 4628 3061 882 2008 9817 3040 1197 8710 4266 2776 3023 6794 7873 4841 4963 7415 1278 4519 29 4740 5513 5800 6183 2223 3705 6884 6706 3169 3240 8313 1692 9752 6236 2461 8175 3777 4223 988 7291 
25 6735 3664 4350 4672 1414 3124 4357 9916 6803 4343 6305 295 5859 7454 8621 2995 6546 4310 5103 4387 9522 6614 5201 7753 7043 1018 5221 347 3512 9027 2055 1284 2107 8641 9091 5667 4904 7543 6093 4217 1270 8997 6255 8782 1010 1583 277 3956 6538 5523 5915 9553 2443 6216 5887 33 8967 6312 279 2535 3849 5497 9518 5274 8638 1838 7708 7923 392 4480 4040 9584 2729 6786 1421 9162 8998 5188 6096 4069 8221 7447 2309 7911 5256 2319 1705 8528 7516 7760 6252 3879 
26 3663 6597 5145 9865 6513 6666 4558 3951 6165 6364 2023 5136 4868 4008 5467 9676 1685 869 1286 6955 6435 3938 298 4878 467 2803 1066 359 9124 5089 1403 8759 1242 2336 5774 1899 6103 9199 3843 6069 5105 4879 8138 1958 527 5364 4547 2406 9720 3073 7820 51 4275 597 2160 2098 6011 565 3969 4676 9398 6875 1390 4802 7417 4505 3251 1700 8004 814 5169 4736 8480 7125 1989 197 2685 7910 652 42 7214 1275 1147 6891 5925 3839 9324 6019 6101 8114 1597 7080 7984 6473 4699 9683 7501 6669 8767 6031 2635 4971 7661 7592 2488 9636 2220 1614 5197 8580 7243 356 6878 2325 987 8805 5882 1263 6288 8736 3037 9543 1696 3020 9620 7450 8645 4070 837 5676 3228 2886 3556 439 9727 3995 4250 7250 1457 5997 4474 
27 9657 913 4087 8502 3775 3363 225 3115 7410 4415 1029 4937 4903 9613 6526 6600 9183 2199 8362 7882 1598 2515 148 1062 7082 4676 4459 985 4916 9246 6277 443 412 4702 5169 9815 4980 190 9534 2568 5509 9521 7941 486 9236 1797 8178 5934 2829 1256 9706 843 2674 8525 1131 5367 9203 1925 7693 5436 2592 6511 6045 475 4104 5927 6817 2969 1093 6211 4914 8372 9119 3661 8682 7615 9703 2696 7369 540 4793 955 9042 4913 1814 7967 3554 8030 2034 7557 1033 9080 2867 8943 1040 3125 1879 4991 2038 4906 2063 7433 4002 1741 7717 2501 3797 7029 265 4779 5282 6935 6847 6295 5730 7336 2993 5565 6718 3648 3420 2518 9470 1582 4224 5297 8596 4940 501 7905 9896 9878 9132 9970 3892 9765 4541 1412 11 9775 5779 279 7827 8642 2340 9644 6311 3128 5581 7303 5159 6157 6258 5270 4339 7035 7530 6424 9839 2996 929 1882 6503 7703 5660 3094 3090 2180 9756 2537 5903 8338 2052 5465 2078 1498 3402 7436 2211 7321 3579 3415 8409 8726 757 5967 4744 9149 6530 8453 
28 9485 6792 3181 3983 3643 5692 6560 9722 360 5352 9341 9983 7796 2909 2713 7836 3756 7210 8636 9615 2636 9564 2331 9468 117 697 3395 2708 2299 6447 7475 6034 5713 2239 6337 2874 6510 9325 5649 9903 1470 6019 7984 5482 8843 1942 4493 7662 551 7864 8700 189 659 5428 4499 5128 7119 3858 6361 4938 7622 6761 8161 4614 4235 2102 8236 4384 1541 6685 6457 9538 5453 2634 5921 3680 1533 9386 6703 9210 4432 4403 6406 3979 2067 8721 7559 7624 3440 8401 5627 4164 9425 2720 2496 159 2763 871 3377 4090 8304 2932 1493 5745 3727 2881 5265 7232 3710 8517 2326 7949 5305 3548 8125 8243 4035 9240 6828 9958 153 6893 2228 3932 422 4721 3218 7690 8529 8287 5561 9775 7044 2886 9951 5266 5791 6276 8410 4902 1524 2879 1172 4323 7374 7253 1295 9049 1534 6294 7711 6186 9770 1060 8799 7464 2586 1944 4034 6632 1300 8505 6778 2828 1115 7301 5825 3884 6424 8028 6739 5090 9697 3024 8698 7520 3049 2517 8006 4607 207 2530 2847 5157 477 6193 6767 7965 7656 4105 2516 5881 5753 3583 9813 9867 4058 8191 705 5008 9255 3405 8062 2170 6548 535 4592 4409 2760 6594 3820 1140 8109 948 4313 8293 3142 3389 704 5975 7143 2375 1356 2354 564 6679 4989 7061 6172 5479 2896 2054 520 8114 6263 1325 6593 5014 51 3606 1786 5571 7180 3709 5578 3966 2967 315 386 2547 5022 6932 961 468 1740 6375 9969 2980 2271 859 3288 
29 1931 6050 889 5345 5588 4752 3876 881 5394 3053 1328 7408 6330 5029 547 2348 472 5215 9368 6414 3333 685 1743 137 5816 6023 6725 3424 3383 1006 3708 6032 7275 9610 3133 499 7086 9962 4263 3567 9620 7909 4815 5531 6535 3600 5467 3758 219 4311 1765 2735 7046 5917 4951 7788 4212 6066 4547 4127 7813 4274 1445 144 6178 5300 3927 1129 9434 5940 383 5477 8865 3093 1393 1887 9749 2352 6009 5991 2916 6782 4759 2591 4824 8034 7703 3032 3003 214 4197 6853 4206 4825 6104 6154 4713 6055 6226 5770 3089 8306 5473 7947 4746 8229 2743 6983 6467 7544 7695 6758 964 3209 3616 725 9745 5655 9393 5769 3403 1262 9234 7420 1607 7218 3145 5988 5804 2596 8340 1616 5225 6173 1905 1503 9142 8591 862 9929 8360 627 3625 8899 7251 999 3081 4363 3175 8673 6552 6396 8484 8128 3419 7250 6475 9935 6815 4598 8514 7188 1992 2137 6809 7151 9309 782 7032 6013 5424 3226 2387 9412 2682 4282 8314 5822 6134 8126 8460 3253 6381 8301 1192 6504 7983 8426 3324 7007 4139 3982 4876 2975 5162 7186 6431 8239 6839 5640 6374 9492 6056 2762 9941 701 5440 7685 1877 1630 1720 8184 9795 5350 9765 8280 8354 609 1208 2146 7632 3294 562 5079 8404 6501 4247 1412 455 6432 1116 4457 6527 5178 4883 3689 4564 8867 9324 1764 3852 4571 6184 5291 2380 3872 9214 1989 
30 6499 6790 9028 3343 9869 2750 6513 416 1964 3182 8891 2681 1241 9811 1136 4558 9276 2835 9170 9199 1680 5054 7686 8333 3805 2905 7798 4633 6151 7513 3684 5347 1760 1679 5522 9392 5752 3083 8366 7966 6473 6192 6246 3229 1506 2379 7198 4736 5065 8376 4612 9250 313 7283 790 5093 335 203 2484 3940 6854 290 4126 6129 8566 6572 7201 5944 3039 3073 2878 5020 7797 6911 3231 6141 7170 6812 4254 2685 2920 2270 7098 3553 5226 3379 1205 450 5922 9121 5811 6300 1744 2188 4627 3977 4992 4091 4679 2609 4893 6830 9879 1191 4454 8611 2978 4753 9713 3780 9718 1580 2195 4466 5107 8553 7548 590 6989 5186 9292 3414 6787 714 7959 7219 4780 5443 918 7958 8787 4431 490 4715 4045 8223 7379 1716 4982 9074 3331 9906 4772 201 6993 7102 1707 5053 4303 8103 1854 2740 4811 7518 7157 1773 7344 9390 6420 8568 3307 2796 5828 6275 4356 1165 529 136 5845 5003 6693 1332 5947 1179 5462 7890 6880 2224 8173 314 5403 9454 8938 757 717 77 5628 6444 997 9989 342 7117 8323 3409 3431 1125 6564 5450 7919 7445 3959 6829 1962 9862 2700 7961 4887 1967 8851 2572 3467 35 3317 4972 907 8458 1727 4814 8814 3241 6038 1666 1973 
31 6454 2241 585 9196 6120 9259 7823 7580 2924 5404 4640 2853 6067 284 9924 446 7538 6146 9975 5030 3111 5153 9864 2100 6881 4066 9520 3466 9884 3196 8208 110 5736 2965 5309 2814 1107 6951 3268 81 2159 9298 9143 4637 7400 6426 6103 2612 3502 3471 4999 2620 733 9766 8789 9099 8780 6008 3351 34 4585 4360 4270 6159 3281 56 9907 1689 3310 3154 9535 2317 3635 2919 8296 5310 9055 3219 2579 5929 6435 7766 1881 1898 2635 6807 2386 1478 7326 4699 6823 1113 1663 2765 7189 5530 1407 124 5606 4028 8181 4807 2129 1020 1504 3910 6805 3490 526 9406 9057 2010 160 8268 2827 6301 657 2698 9373 176 4690 7583 7364 1868 358 7236 1084 680 4429 1443 7985 1419 986 4961 3132 8364 5954 7861 8570 4730 7404 6824 1653 8411 3077 2215 6848 2875 2181 7504 8315 118 7822 9830 8097 7781 8994 4725 8508 4245 1585 6287 6836 1830 7363 1595 439 910 4198 9289 4631 8966 241 2643 3060 1152 4427 6623 2986 3538 6468 9015 1202 7255 179 8545 4102 736 5360 7725 6727 3586 8648 5051 40 6082 1453 2286 6999 1052 3724 1315 4289 6603 9967 6558 3626 1922 6553 8840 8544 3429 8157 5324 7835 9149 2424 748 4638 4716 1195 
32 6921 2024 8907 5580 7789 3947 6875 8136 7266 2237 8381 9070 1444 9556 9587 1276 3535 929 9715 4543 2929 4694 5776 2144 1874 6681 4506 4296 8437 3536 2695 692 8615 1400 22 5560 3328 6591 5409 1975 8956 2862 1698 5771 2792 3237 6326 7348 3610 2628 8350 2650 2546 3056 4404 6629 7641 9585 7509 6155 7101 7290 3792 6309 7536 9607 5430 7335 4908 293 2866 7960 600 7603 5956 1961 6135 8171 5698 2373 5346 5563 854 9650 4720 3261 9726 7424 122 9737 5125 2629 1901 4418 8307 1715 3785 2415 339 9084 3767 3980 5850 5191 3818 606 2928 7331 663 3356 4531 9150 8945 1096 1730 7763 8145 909 4240 3105 9147 5415 1842 1691 2085 3110 4101 236 5094 5708 8839 9628 7153 8830 4601 4364 941 3036 227 7034 3864 6996 4707 4047 3201 1615 4140 5767 4000 1122 2852 9501 5909 1357 7197 8090 8794 4182 7883 3506 1318 1884 899 7294 4783 9854 546 8144 2035 1350 3825 432 6701 7891 2793 3986 6922 5400 5965 2071 6476 3426 6206 8190 4449 4275 143 4921 6811 908 4548 6913 9095 8655 5277 11 7780 2693 337 7988 9416 2534 3012 1242 2872 6240 5320 4900 9394 
33 1137 1511 3050 7768 7724 1633 3174 9437 6641 5063 7159 7525 7814 3877 6359 6395 3761 8089 8325 9853 7511 5961 3721 6068 1708 828 9609 811 8919 6669 5260 6729 7440 4877 8147 3120 8302 1651 0 1372 7906 2438 587 3880 981 7446 7321 5764 3533 4705 9132 5078 646 311 7346 4447 3055 2383 1102 804 5910 4199 6991 6451 5465 7484 3454 7592 4604 9245 6319 9233 8220 3607 9007 8626 639 7120 1685 8532 5997 2642 5597 1409 9831 4744 7794 8622 1958 5069 6978 8391 838 4122 9674 1734 4178 1930 5717 4050 2138 5734 9216 2863 9704 1275 4845 4378 2915 7237 5601 539 7765 6494 7015 9258 9605 9789 1818 4230 1416 252 8705 4523 7634 1859 5067 9205 5123 1231 3922 2385 9622 3345 321 3146 8420 6191 6943 469 2174 1731 2783 9106 1337 197 5779 44 4185 8321 2512 8778 9653 9133 8603 5726 2020 3573 3009 5959 2895 8124 4784 73 9035 2744 8274 2898 3312 2305 1044 8049 8516 2084 1779 6254 5680 4470 5385 4367 3762 5408 9102 766 4243 3028 8760 8985 5493 4402 5158 2245 3840 4154 7669 9198 1906 5610 2344 5076 1497 
34 6303 1936 1799 356 2238 5031 2632 7903 9498 1420 8489 2939 6986 2118 6780 1565 5888 7115 8118 8133 2026 7072 390 6417 5207 5097 3084 9 2011 9581 7026 4639 1642 3529 4089 4335 4208 2052 4570 1693 3213 4333 4304 6712 614 802 4650 1287 5393 933 6750 5926 5969 5809 5720 8047 4062 2637 3518 7584 174 1184 6626 3889 483 5084 2802 3909 3033 9374 173 8289 850 8706 7241 3098 6988 9256 1605 7265 4068 9376 1049 823 7512 556 8624 3975 6588 5034 4326 9731 8445 9821 3776 2953 8156 9291 1358 9052 5364 1396 8347 8219 6478 9571 6506 3465 3547 3905 4653 187 2402 691 3273 1949 3346 6086 6519 5113 3753 2001 2548 6634 536 1160 6153 8488 4897 5519 2202 3815 6680 4555 1571 4993 1171 3482 3568 2441 6174 7870 6539 7300 7041 7128 8309 6261 2931 7405 7905 9274 9307 8671 4342 2408 70 1201 3960 8320 5007 4134 869 5950 4436 263 3413 8523 1292 9034 5173 5574 2680 9682 558 2692 6566 7862 2073 8055 2821 3733 9228 4681 3392 9382 9353 7427 2212 3185 1045 5688 902 1198 4184 3433 
35 3666 2460 2891 8141 5330 3679 1750 292 7874 6075 3718 9754 4088 9825 2125 8014 5844 1100 4248 5556 9257 3764 7568 8753 6486 2301 8646 4080 3601 4354 673 1904 4388 861 6427 6472 5861 2420 9633 9213 1902 4265 6317 954 9730 9801 5814 3592 1757 482 5209 5704 8954 6902 9202 3252 4106 6137 5005 212 5521 5412 8469 4602 1351 2160 1336 2454 5452 5596 9627 8822 1594 8170 6290 3232 9566 6695 5528 3786 6204 3672 9475 7453 7008 5504 9407 1329 775 8964 6425 4762 8206 6039 4462 6012 7211 7722 3822 6676 7204 4423 3121 4229 3428 4210 1141 1000 5370 3210 8443 7851 7702 1893 2958 5529 1709 8338 9397 2977 7541 8719 288 6162 989 5449 7411 1405 274 3205 6385 9360 513 534 7601 1921 6528 9987 5483 7716 9919 7195 7616 9128 3860 7860 3746 3131 682 5901 9771 9586 7350 5548 2807 1142 1490 5155 2557 511 8513 7366 4596 1755 3416 3034 2947 1121 2911 8377 626 3144 5762 7183 1645 4076 6412 3172 676 2767 3225 508 3617 7731 5511 4781 
36 743 4083 8429 8138 8492 7646 2405 1434 336 6448 6177 1783 9293 2474 3702 3671 6864 5077 2684 8709 2486 8331 6116 8176 5242 7809 3923 4176 4747 9510 8762 8217 963 6613 5296 2999 6534 5542 5332 2324 6900 6617 9872 6578 6796 3989 2492 1247 8001 8272 7678 1310 1668 9022 3438 6166 2722 7833 348 6474 4231 631 5992 3990 7787 793 8960 363 3109 129 2599 7953 4444 426 9110 2521 4975 8345 5114 3246 6164 6645 5793 3929 6885 5417 5115 4485 5002 2820 4227 4393 6133 7585 5457 1057 9451 7589 3696 5456 7998 2485 2437 3988 7247 4064 7422 7818 250 8747 5795 6860 9582 9045 3011 7586 7138 7508 6887 2152 1888 2567 1264 2569 4168 9904 6500 9469 7600 8742 4943 467 8383 165 3149 5789 7425 550 223 3717 2507 9837 9023 2396 4167 7278 7401 9354 6482 7181 5750 4401 9791 1889 204 1827 7920 7651 10 9855 5890 4910 4042 6407 7876 7234 8556 242 8152 421 7501 2145 5510 5464 4617 1994 3370 2250 708 6350 4497 2880 5892 
37 5251 9079 6047 542 6908 6242 2267 7688 8564 2921 6311 6117 2247 7441 6354 3885 683 9191 4025 184 9861 1267 8909 3005 1795 2053 6895 4053 7776 5872 5413 9005 382 9063 7817 6933 3871 9073 1162 6059 4425 1304 5149 9048 6078 8108 209 2111 6181 5517 6914 9747 7443 5062 6265 5981 9842 3095 1054 649 6973 3826 8992 4949 7361 5124 9823 922 2788 4862 8567 5669 5989 5986 1564 375 9224 6517 6365 688 1249 3789 3595 1509 9551 8214 1216 5478 6720 7406 4979 984 2364 5545 3153 3190 9675 8165 4773 9597 3402 1700 9932 7560 130 64 3457 6097 8247 5625 4689 521 7075 4328 6356 7792 3527 7884 876 3495 4407 4560 3473 2641 2300 4974 1569 4115 7683 2944 6814 
38 3015 4742 5660 4621 919 6810 9161 299 98 7418 3289 6220 8573 759 1320 9290 5176 5004 2083 7487 7824 9208 7677 6335 7307 6416 992 2912 2350 4009 3162 3836 7306 3823 1943 132 4492 1763 4610 6522 6231 2156 6054 7299 4735 3491 7245 9890 8785 4680 5104 7828 7937 6581 7954 9732 8080 665 4665 5794 7079 5885 7014 8002 6663 155 599 8446 9686 2945 9016 3723 9800 4072 4652 530 4188 7631 3906 768 9509 5587 1429 1462 6449 4931 604 1885 7956 4195 8715 5676 3678 934 8725 2439 8179 619 4688 7955 8714 1003 7619 2167 7842 2114 3675 1181 3094 1323 5633 4049 2857 7389 6446 4524 6859 987 4382 3632 5187 9940 1652 8932 2410 410 7125 7137 7330 3320 7182 5142 544 9342 6465 9933 181 3841 4920 8231 6087 4006 1180 5875 875 7272 3020 7006 7287 8681 239 4533 5689 5757 2838 449 3953 7764 7285 3577 5787 7208 898 1712 7912 3784 1703 1935 5662 3599 
39 8327 2897 3794 3579 2388 6625 5978 9665 5446 648 2770 4225 5616 1641 217 7549 7675 5866 3054 1999 5807 8921 9688 3928 4749 4978 6555 9077 5297 352 1806 4936 7009 1221 7528 2124 7839 8388 354 1940 431 1928 9963 1114 5738 6721 4965 1203 537 135 5200 2234 95 157 6532 4662 3807 5552 5515 7778 9367 693 273 971 2597 4554 8759 3411 2477 5295 3350 9600 229 7924 3604 9589 842 8102 7553 8234 4416 8433 5619 1725 9433 1883 3408 3957 8925 2150 100 1387 892 5042 2652 9695 9751 9081 9197 1722 9389 5213 2514 2362 9709 5135 9980 3992 7852 7904 2051 9875 7215 9938 9950 6955 9169 6708 6481 2655 9366 1333 9868 264 7311 4977 3694 1215 8423 398 6931 3299 8091 1498 7648 9060 4162 8773 866 5472 425 7816 7492 7078 3683 3254 2093 6571 6744 623 7994 805 642 2257 1307 3814 7614 2253 5021 6143 6567 1543 9146 5212 8561 
40 8939 8805 9478 6793 5261 7671 1410 8835 3427 7178 8854 6307 8689 3907 6637 2509 9990 1637 3308 7519 5025 8834 6871 5235 8970 6795 6288 8674 2963 3116 3339 3017 8452 3059 2882 5665 4525 6165 781 4649 7448 9124 1263 8651 1592 7068 4365 1378 6675 9457 3969 8068 6268 7707 1110 16 2663 2742 9483 6296 283 6207 7409 20 1993 4899 1606 2756 8613 367 3249 4213 4150 3283 1042 2537 7599 818 5210 9694 3127 1489 7581 1101 8439 1194 2203 8440 9588 8779 3631 9964 6556 3522 5829 7948 4147 9326 5425 4710 3355 195 2494 1579 1812 8431 6615 9212 4226 8305 8367 6865 4771 5205 9294 9956 5846 2550 3838 9078 5916 1631 3287 6648 3677 8704 5786 6998 4394 1385 5499 4340 3052 1759 5495 3790 4496 6357 6021 771 5245 2922 1196 9455 2290 2611 3639 652 6442 420 8640 6772 3103 6863 1761 4375 2168 8757 1834 7028 8913 9966 8285 6834 670 8908 7129 8386 3117 
41 5976 7550 4228 8904 8009 1837 7220 2013 6112 746 9644 2779 357 6315 8672 5712 5815 6939 4529 973 7062 7216 6857 441 792 4257 310 7012 3931 9866 9401 5405 9165 9215 2790 2 7494 291 8981 8809 5234 3817 3912 2325 4709 7819 9640 6990 8712 1253 6575 38 654 6838 9217 1917 6671 5805 9272 744 8754 9422 9625 9763 3728 4125 2088 4768 3908 7269 8783 4145 9301 8503 7004 3074 9414 9117 6302 1896 4909 8100 361 9336 915 3373 9313 9959 5308 140 893 9343 8927 1204 3608 5575 1662 3352 2422 270 8930 3422 858 5133 1077 2810 9349 4306 3456 7465 6247 5960 1593 3148 6995 4595 4175 4446 2007 5140 4478 9446 4097 6773 501 8920 4294 4666 5418 3102 9974 7491 8183 6509 7591 1245 1548 7091 3406 6673 5643 9547 2263 1063 2712 9999 4376 1500 8099 8701 6734 3292 8572 3152 5725 9896 6349 5319 4293 
42 5396 4572 8290 1374 2832 6515 230 7316 9672 7642 8690 5532 9559 9850 2541 9944 5832 333 9013 5608 2046 7171 5507 1927 3407 7524 3770 6722 2356 7885 4682 4013 8050 4060 668 3192 4249 1458 6852 6697 7288 351 2057 1306 9533 2873 8750 2608 5329 7167 3521 23 7353 8111 9040 1529 5081 7730 2015 5388 6279 7921 2711 491 6293 3593 1890 7222 8095 9654 4395 4864 8369 2668 8199 7103 9954 1523 1034 9900 9659 3846 63 8736 6386 7849 5147 4179 3525 6894 3208 7378 1567 4514 4574 7192 9880 4157 5763 3972 7252 9782 150 6419 9157 7010 2440 9845 824 2666 1398 5357 565 8187 4569 142 2855 9362 479 8298 3353 8409 7820 7108 5938 5180 5088 211 2960 4820 4234 6343 5644 5202 6647 3962 8761 9539 1463 7506 2464 8594 2992 713 2654 3803 2789 5907 5653 3305 
43 9436 3580 1428 3082 3200 1955 8261 6968 703 1009 7848 3 1895 6316 9144 6624 2890 7258 2192 9303 4017 6672 5391 7049 1517 3417 8232 2606 5486 8749 8226 1211 8916 5501 152 1251 7744 8796 3304 7699 3588 6768 2418 3483 1012 3002 4516 4036 6994 3829 5782 994 1848 6858 5390 1480 4321 5820 2318 2406 904 4527 9971 4981 4315 5498 831 6569 1099 9076 6843 7617 7942 3274 8416 4505 1667 5998 5663 6235 3771 2047 2871 3439 7727 9513 6844 1465 4528 1843 9844 6972 970 8519 3037 1399 8751 3899 2561 509 9098 1265 4990 2520 9540 8764 3594 8198 2490 1621 8218 4406 5658 4472 397 2551 7772 1199 1751 6282 3916 8707 1623 123 1240 8493 2590 8250 9182 3478 8559 3461 5336 8413 1178 3830 9917 1169 6841 6149 9449 8569 3891 6477 6631 5581 5573 9696 3715 1449 1792 5923 
44 3665 1675 6286 9066 5983 5642 563 5672 5754 6785 9979 1476 7099 4286 4549 8732 2633 6400 6764 2691 9846 5935 1260 3970 7558 9575 3921 9281 4522 4838 7262 128 7246 8618 2730 750 8310 7162 7692 2072 7296 3114 1892 4532 7065 2772 6496 4658 6748 8432 778 5398 6987 4290 7482 9568 2997 816 6975 6596 8088 4005 1677 3489 718 4788 3867 8580 4086 661 6958 487 3570 6783 3178 8923 5488 7910 6777 1492 5109 9893 2193 4643 9908 8353 3653 6123 5819 4964 8963 5651 8772 7059 6690 7179 5243 8222 7398 6379 8530 4741 1632 6806 2971 6891 6389 6524 801 1793 6565 2841 1153 3134 8933 9574 2707 4853 2478 2337 5639 7758 5624 2843 2421 8059 5032 3211 6741 9567 7264 8905 7618 6873 8977 2280 8054 9635 2575 13 8637 7037 1317 7968 
45 7298 5566 5970 1558 3492 867 1532 3349 188 2393 8549 7100 6601 7786 6622 9915 634 6918 3590 4044 4622 2030 4156 3778 47 3156 7698 8546 8131 7653 8253 4552 2798 2306 9681 2361 162 6413 7199 5971 4888 4295 5027 2894 8931 66 1947 2748 1570 276 4110 1468 5830 7367 3985 4309 2555 3412 5355 727 9828 5120 9277 4778 5631 5943 4048 9000 4318 7345 3937 7676 3848 92 8192 4754 1117 5718 8390 8166 7339 7050 8045 1070 4579 8670 9662 4613 6765 8797 7333 7127 813 9641 995 8349 9506 2950 5723 1856 7925 6762 7196 1913 8479 1297 7926 4475 4280 3378 7522 5484 9865 7673 4463 6872 1154 5150 6733 8604 5047 4732 4733 2491 8022 2956 5333 1916 6001 2264 8033 2613 829 4651 4827 4391 6346 5010 6856 9708 1147 1531 
46 8755 60 9631 7827 4144 3325 608 1043 1914 726 9280 6341 7898 8322 6046 8666 8601 1820 3673 9194 644 3811 18 5951 8547 5518 9693 9719 6167 5193 4458 8104 7500 3658 1683 5942 9741 6485 5968 1756 6781 570 8101 1302 1557 6169 6525 8497 4297 7969 1266 3886 2727 4664 2002 8807 7602 3041 7498 4260 8387 5728 4632 9051 9649 2973 870 373 4174 2298 440 8669 6804 8895 2006 9642 5328 7254 6825 1671 6281 8540 4299 7013 8072 9024 6237 2368 1214 2123 2233 7503 4794 5137 2282 6304 9104 5788 1232 3987 8853 2577 1271 3243 3530 6318 5585 7989 7020 6256 2236 5766 6015 8035 7175 1106 1023 5384 1801 4724 9271 3575 4211 158 5742 9652 3925 4284 1487 5095 3510 3397 2690 6020 667 4757 8820 8974 8942 
47 8120 8271 5557 6730 109 4630 650 3137 7104 4828 3742 304 1491 8462 4619 3706 5834 2235 630 7385 5013 5559 6469 7069 2595 9122 8024 2475 959 6017 2211 760 9532 9953 1051 9699 4332 3699 5710 7375 3995 6323 5487 7439 430 6124 7880 7999 7507 3712 903 8959 408 156 8235 7040 7844 2148 9569 2187 3183 3386 2811 9438 3828 6382 3165 3007 71 2302 2307 7430 2638 1359 9159 1665 3251 6461 244 9982 1391 4279 886 1946 3687 3223 4996 8065 1782 8881 8005 5826 1954 97 5275 1545 4073 7752 2294 7017 6340 7489 484 434 9375 4823 4966 7804 6944 3472 208 8600 442 3943 8656 2505 1831 134 1644 4301 9283 25 9797 2339 9462 1603 8880 1924 2848 2488 3520 2686 872 4320 4812 
48 3029 7785 2334 9219 1521 6347 6941 343 96 3734 1379 6223 7309 5160 9347 3541 1185 1527 9477 1277 5089 1540 2759 4171 6757 4027 4578 6903 5185 8593 8093 36 3863 5817 7332 1510 9611 5439 7173 522 9327 3704 3062 8990 9032 5253 3882 9497 3663 8986 9031 4500 444 391 7376 269 573 5151 9046 8408 735 3698 7539 8665 7515 6428 7225 7305 4817 5316 6383 2623 2473 967 2961 1554 3347 1753 4081 3364 7354 251 9881 6595 5292 1618 240 7554 6899 622 3367 84 9318 8094 5083 6920 5154 7573 1427 9542 5759 572 6168 8295 4806 2854 8040 2716 3859 6299 773 2431 9798 4131 2493 7139 8625 2660 4031 5208 3474 3113 2837 8597 280 3578 2292 8995 6280 
49 7943 4955 4857 7962 6704 393 5906 6190 1494 7074 8978 4421 8060 6006 9968 4379 806 6961 6579 8937 5406 6011 7003 9310 7112 943 5247 1824 8177 402 8557 8775 2990 4007 5203 8571 2185 8210 1551 5223 1796 4030 1431 9702 6160 8182 554 7569 5064 5682 7480 5801 4954 9829 5369 5252 7083 5184 8765 9409 5957 2141 7349 4368 3170 7626 7347 855 737 133 5460 2120 9928 1726 8318 960 8771 6244 8848 2255 7825 9012 2739 5593 9943 8046 7808 3045 9305 9107 9089 738 1326 9439 1087 7110 7732 6974 6105 1878 6042 1483 666 3112 8982 594 1684 5294 9658 8817 8148 8658 4795 3740 9428 863 4775 9069 1066 3782 5670 1695 8692 5249 8037 
50 8021 2449 9061 9792 700 2952 3837 1951 6977 6106 6705 8464 5864 2104 8858 8647 297 6158 5106 1804 5946 7810 8975 4696 8846 1772 6266 4032 1987 7423 6960 1352 1909 5122 7397 4871 3199 8657 4193 4928 9378 6029 6604 8279 9874 9466 4697 4203 4214 1597 7476 1 720 3278 2056 1408 1977 4789 7630 846 6320 4655 5471 8466 
51 603 7002 5895 1875 48 2780 8812 1832 9841 1168 7233 560 2554 820 7133 776 5569 3322 5195 7282 1657 9923 1798 3669 3068 8536 4161 4711 7888 6253 4881 282 4769 2553 413 7168 1083 9180 716 9489 5879 5422 2508 795 1673 1455 3763 3634 2330 1647 5687 1965 1233 2757 3528 
52 3584 1144 6653 1269 8137 3629 6923 8825 9173 1149 4594 8020 9994 2465 4766 4024 7575 9036 6788 3701 403 8511 9687 3384 1839 8459 2086 2604 5130 7757 5012 5444 1324 6609 5174 2411 6142 1244 5489 6627 3515 5334 3315 2182 8953 2544 4349 8608 883 401 247 1655 3334 9851 
53 2115 3565 6199 4055 302 8581 5576 797 8164 1584 1572 9003 9302 2979 1222 3892 1919 5057 8694 4329 5399 4685 9624 106 9154 385 7018 6250 5263 1817 6450 5397 5914 9308 5298 5778 1626 8485 4205 4843 303 584 789 1368 8129 3622 2003 4668 1719 2384 1120 5161 8876 2813 
54 3046 9226 6342 5448 5893 8343 4061 5219 82 7952 6537 2884 9018 8562 5192 2647 8602 798 1794 4546 3369 7552 78 6833 592 8743 2583 2482 7324 6339 8244 5772 3302 1360 3086 5046 8724 5362 7670 3242 7223 4591 1079 3057 4348 131 3070 8396 8551 8589 8064 8734 5447 8000 
55 9056 8052 6670 1711 2588 2434 2751 8713 3485 319 7486 52 7660 8616 2701 4232 891 9427 3421 7927 1028 254 6789 3854 1985 4934 8535 5595 2153 7023 633 2117 7801 8501 1676 8259 5318 7187 8850 4441 2382 5535 2664 5586 404 1335 1629 5570 3560 712 5748 2179 
56 6514 2503 8004 4033 8328 586 6409 9195 5554 7312 7152 6889 9365 8565 1219 6818 3620 9164 1956 9254 6659 104 7106 3072 2430 9323 7598 1587 2710 2784 9275 4882 221 1800 5036 6883 3043 8441 1366 4809 1016 4074 762 1499 3531 2036 9583 2714 1432 3430 4169 3122 
57 3915 9910 9591 1186 9232 921 2197 2705 9177 3280 9934 8888 8273 9601 6882 6691 7240 5410 8629 1433 7826 4565 939 6062 4686 3749 1937 2349 4760 374 1423 1602 4645 3730 9337 2389 6851 1891 4953 731 6747 2283 6770 8875 2226 4132 3446 9357 5343 2731 415 2538 7322 
58 3951 9237 6709 6667 7036 55 2126 8288 4708 9783 9100 8200 9612 1281 4905 974 5380 6917 2715 9268 2287 7417 2941 5044 9819 3736 9525 5348 3744 851 6384 1367 8425 8494 7063 2669 9474 9135 1608 9952 2365 2816 9750 8447 9053 7859 1581 1718 2037 9038 3729 8984 728 
59 4968 576 7674 253 2531 5222 640 5666 2164 7304 9369 2787 6702 4935 4918 1339 4657 5438 59 322 1212 1255 3954 8504 7391 1687 2455 3076 747 258 4687 595 6010 1158 9486 7611 5541 210 7931 993 9608 9399 6063 7562 4149 9192 596 2139 8363 8051 9125 3463 
60 7000 4589 6077 1182 1370 7713 769 7784 2378 7281 8583 9082 3930 6371 9248 5272 4984 3479 9814 9824 4065 7746 9891 6422 4518 387 4288 1238 7226 7459 4895 7436 1451 2918 555 4995 7576 5945 3835 839 3543 5537 5824 4792 8777 894 3793 1748 1539 8370 1103 4507 
61 3216 4347 6487 4656 9206 9171 4761 9322 2108 7863 3961 1091 2451 9856 579 6605 845 4352 3387 7190 1833 3507 8510 2523 8758 9279 2079 3004 1714 6269 2019 3194 8654 2842 3544 4675 516 4593 8180 3381 7950 2631 4491 8448 6089 4269 26 9450 474 4508 3458 4461 9338 
62 826 2119 7769 9909 8903 2372 6200 8474 5050 1777 2673 5696 1024 3321 6926 6000 8112 4586 9452 689 1976 6928 1109 1364 2499 6715 2070 6161 9435 5913 9738 3809 266 5311 8023 864 675 6090 9734 8414 7840 1826 2865 4723 6533 5240 9211 6069 9218 7261 5735 7426 
63 9112 6209 5476 8393 5086 3255 2397 8039 2658 6430 4880 6584 326 2923 4970 8652 1311 9554 2363 8685 5492 1482 1236 6547 5375 4536 6058 5359 8151 8951 9803 8922 6014 9802 730 658 9163 9690 4015 7930 5018 8614 4327 5579 8902 4787 8588 6284 115 1736 1388 1538 4534 
64 5967 4678 4618 1163 4194 7329 4159 628 9728 1528 5451 3691 1383 785 7745 7566 8965 4130 794 3958 9006 5721 9847 7292 50 1239 5995 8866 7472 1525 6971 7532 4988 1502 6640 7843 7323 3690 4011 8486 4636 9105 3816 1990 8150 3123 611 9333 1926 6452 1344 8153 4180 8577 
65 6264 1004 3752 7886 9859 5982 4417 6801 3323 6541 4487 3259 2580 9714 3136 5070 3475 1599 1669 6635 6088 4810 575 4322 3257 1624 6799 6150 9894 2220 6398 2094 4166 1758 9299 6458 4648 5299 4504 2029 3301 6091 3316 3179 9067 7386 294 3092 2578 7571 7533 1098 8554 4608 
66 9515 8635 1442 1601 8378 9810 9440 5280 8368 5181 2059 8836 7691 9017 9101 5268 350 1038 4919 3079 2672 8550 394 9936 2218 4587 154 9430 380 2989 4997 271 1808 7740 5839 232 8702 1348 8389 5699 6909 7144 2200 4998 3996 5836 5441 7146 1865 2014 3720 6753 6543 8862 
67 7837 610 1285 4698 3545 8892 7759 8631 8211 541 7280 8730 9356 3973 5636 885 9167 2314 5091 8478 3869 7607 9317 5366 323 7470 1094 1903 5591 6251 1811 3336 226 330 5536 6531 4192 7545 3936 8096 6397 7657 8224 6490 1252 1282 1963 8936 2369 9617 6399 6554 2074 1061 
68 9054 8976 5898 2869 949 4737 3933 4661 9134 4124 7458 7721 580 916 888 1075 2066 722 1872 5617 428 6074 7841 9937 2839 7689 8361 3366 945 5096 7620 8117 4143 2719 2799 7165 6394 7177 1439 5490 5780 3819 344 2495 5434 4189 2323 7775 8586 2723 3284 6298 3751 6628 8726 5806 7142 
69 8283 5485 3016 9189 8786 1190 3453 5041 6898 1124 5711 709 1454 2391 559 4361 6313 1855 355 8988 991 3448 8430 7435 5331 4400 3441 8940 9083 9227 9404 8257 3224 1146 6979 2982 9832 8816 245 4945 4734 1600 2479 1008 8795 5572 79 7748 9887 9320 8337 935 8863 5321 1095 
70 6518 2210 8856 741 7896 2288 5134 5905 9577 2996 9473 6964 340 1785 9039 2208 3297 9573 4038 3372 3670 3552 8077 5949 9415 6297 1610 7105 8802 3130 8348 4020 4967 500 3365 6390 320 2831 5691 3087 9572 6037 4530 936 9878 5638 2453 4867 6822 9459 5706 3030 4573 621 7894 1279 
71 9563 8475 1164 7899 9721 1656 6661 9972 8312 4832 8127 7141 4010 2335 1863 3976 2571 1280 3309 4479 5502 9047 6238 1225 1609 9068 5427 3266 4831 9537 3099 6328 2110 1112 7654 8017 7387 1591 6610 8810 1972 1227 3329 3340 6862 1745 6393 2899 6438 4373 3656 4922 7067 1929 2653 
72 9668 2949 9419 2435 9976 9512 9918 3435 835 4654 6214 3572 419 6229 8727 8496 218 9807 1401 2510 8680 7320 3091 3481 8584 7542 4037 111 9985 620 5463 5990 1126 506 424 3589 5179 2316 9321 8402 1775 8918 3693 815 5873 8291 6202 1050 406 5255 7373 2602 1636 6497 8013 9852 
73 2025 5962 4271 2333 3159 1072 1728 5 5306 7659 1694 4816 338 7126 5661 6273 5159 4714 9579 370 3401 3141 5810 8303 7455 8509 6114 6649 6597 8539 6227 9986 4495 5912 4023 7878 9930 6835 1363 4219 821 8132 8883 7319 1560 2773 5889 9345 4351 6095 5620 617 460 2659 
74 7916 2244 8073 4092 5257 3745 456 2041 5758 3258 4729 224 4330 4833 2166 2004 6388 307 6081 6677 5101 3385 3286 7739 9595 4096 3700 4142 6905 8468 1403 7779 9381 4128 7596 2060 1207 7313 9836 5603 1918 228 1437 2040 874 865 2466 8204 917 9009 5902 6070 6170 
75 4510 6043 3203 2726 3688 1340 8811 7161 2175 8619 2481 9185 3559 5553 6187 9838 7974 3668 2399 8266 2147 6405 5657 6083 4014 8324 6495 6662 164 7070 2782 1850 4603 4358 220 9243 6997 7773 2974 4563 9424 3760 8650 8487 6332 3853 8044 6024 5423 9772 1296 837 
76 4428 2565 5840 4108 2926 497 7901 4520 4957 9892 8086 5138 170 121 5152 9408 8980 6212 1022 6338 8695 6372 4305 3546 9021 6878 2573 6802 8057 2221 8818 1257 305 4836 1841 8048 9273 5592 3652 7847 6053 4242 2254 5858 2589 6333 3551 6956 5395 7628 7606 5611 3358 9263 2903 7337 6651 8424 5980 2676 9519 8941 1243 7733 4111 6345 8071 5365 7478 1217 
77 7736 8209 9111 758 8882 9314 3942 9725 3965 3018 4874 3330 1650 24 6248 454 4153 9329 9494 1067 353 6945 6919 2718 1261 3630 2213 2671 2914 7684 2728 5547 3239 3449 3263 3618 9748 4277 8592 5307 4016 6654 4334 8143 6766 3342 1982 2173 3827 8859 9743 3935 4460 8518 3260 4726 3235 8585 3911 7645 1853 822 4875 2889 3623 2310 1813 238 1097 2012 2272 3150 7561 8311 
78 5218 3291 473 9507 89 7865 4451 3731 255 3008 2795 980 7738 2818 7527 4855 7064 495 4043 4419 8961 8403 832 4837 2809 3726 9740 8887 7362 5855 968 2645 7011 9331 879 1939 7610 6445 6638 2648 5609 3686 9004 6820 6545 3890 5527 8507 9361 8723 9720 5341 8744 7267 4575 3282 4703 9114 6048 5458 5516 5645 4889 7359 9377 942 2018 6128 819 
79 6102 5217 2304 9330 1769 296 4239 1127 9487 4465 3066 3499 8053 5314 9137 1327 3035 8897 8330 9495 4283 9264 8282 1411 8542 6232 8828 9312 433 3768 7893 4004 5230 5376 9977 4138 6195 8119 2398 7342 8076 237 7469 7438 5313 6152 9238 2497 6334 6197 1575 6930 4442 3398 9651 791 6916 1908 9632 43 377 7577 6682 4346 3188 8630 5848 2519 
80 5118 206 8018 8025 2892 5445 327 8092 3096 6598 2154 6707 5821 3612 3703 996 6684 6611 2080 1417 7054 4109 3765 8196 662 2078 9093 8756 8083 4099 1501 1860 9948 7444 7640 9282 6130 1697 2749 6946 6408 8522 3994 5862 9683 365 507 6429 2351 6798 2616 7754 6590 6630 3234 2689 767 9109 5526 213 28 5060 2315 8971 2846 3783 3270 9140 3564 
81 4994 4755 9380 3587 7639 6736 8533 2342 3659 5747 2794 8428 923 2962 2395 6529 5059 2284 4233 1030 1766 9527 6462 5505 6228 8477 1628 734 1150 6650 1187 9247 9669 1226 5677 8139 8359 9902 1089 1138 6035 7715 2456 6271 7031 5761 1209 7452 7381 4337 5033 9115 215 2529 5952 615 699 396 5634 5037 812 6606 3897 1774 7055 3602 
82 7783 8842 7214 7774 3265 2360 8339 3997 9981 6489 5540 8768 2994 3088 6969 7485 1974 5615 1823 7132 9026 5604 5506 7782 8766 7705 8664 1573 1056 151 2489 9344 9746 8832 8823 9471 103 3477 6965 7154 4830 6157 3743 1130 779 4915 62 5550 9166 3955 3300 4450 597 4369 1802 7340 5709 4503 332 4605 8375 5361 4646 9700 4849 2622 
83 8444 7897 4114 8398 5963 7578 6456 2345 4854 7971 937 9204 852 9557 2734 9710 4706 8373 2819 7649 8620 5722 4324 3796 7150 9759 3843 2925 8276 1640 9097 8803 8969 3697 7750 6366 4804 2133 3214 5784 4469 4521 7135 6774 1316 5211 9834 803 6421 5040 946 417 8499 1526 4750 9511 4635 7743 9316 1915 4609 1111 6401 2752 
84 2805 2428 4751 7850 1749 1776 9826 664 1681 4606 8438 6423 5823 4181 7638 7831 3627 4063 3498 2161 9812 9190 6092 9992 6711 287 4851 7635 5919 8498 235 1397 1015 1026 5338 3865 6234 3519 1139 4550 9561 6745 1467 2942 784 8481 6826 2256 8032 2262 7502 3739 5377 5379 459 8527 8335 1894 3920 3160 1188 3326 2243 2341 3550 
85 6959 6925 6982 4172 318 5276 2732 9127 4861 3902 8228 7869 4386 7155 6079 2457 4819 7045 7053 8906 5469 3640 9030 4822 6719 2717 4701 860 3674 2825 9606 480 9663 7273 927 1886 4336 1733 2225 1053 5228 5703 6044 4641 4863 2845 6934 4739 7751 6351 844 8576 7442 9876 30 9560 5818 7039 2151 4926 6404 8394 6061 601 
86 5856 7704 7027 962 4078 7268 2917 171 9158 4215 8983 7259 671 7047 7276 4692 8015 978 3681 6241 3360 887 4987 4052 6049 833 7315 1840 261 3222 5716 979 1027 4258 6196 7871 9516 5264 199 6257 2657 108 4727 3436 4085 2946 8841 5172 399 5052 8537 7370 5773 5231 3394 2374 2933 476 464 4077 6369 196 9973 
87 9988 4392 2313 7140 9618 5837 1021 4389 2815 895 503 9402 1274 9265 7940 6869 787 1648 548 9524 5429 2433 1984 3374 7481 5459 7249 1862 4925 1495 4868 4396 7720 772 5546 1426 2502 7582 7913 8972 5741 4553 740 5613 7203 1845 1065 75 3695 6352 9410 3810 1988 9638 9296 
88 192 7747 3359 453 6966 496 9411 4756 9266 9465 6 7979 3318 5303 8098 524 848 5729 1861 3432 8686 7057 1025 9363 4241 6440 4942 5647 5073 8871 655 715 7636 6060 8456 185 308 1380 1355 4362 1515 5198 512 8688 7790 3821 7341 6775 2227 3221 5372 32 4341 3566 105 1968 2543 2758 1347 4477 
89 411 6644 3080 591 880 1346 3716 505 3561 9827 493 3227 2824 8385 6698 1145 9328 1394 6639 1556 102 1563 5435 1041 1844 2670 1933 5206 9685 3904 8407 5503 8703 9993 9570 972 4826 5496 2584 112 3104 2097 256 5071 8901 1353 4314 1836 2445 6180 8255 1298 8238 1713 538 1900 7564 8066 8948 
90 5683 3831 316 7868 7235 5325 8227 7145 1237 884 6145 8915 9094 4615 7227 2312 8110 2021 6325 9840 9679 4901 2069 1032 6512 9230 2688 641 7005 8520 138 5802 3444 3167 2808 9927 9174 4719 2242 7460 2113 3851 1576 7918 6025 5323 9931 2353 7706 7260 8949 3615 6585 6002 2904 5250 5426 2275 2452 8612 
91 7016 6031 3108 8352 6185 9130 5700 9420 3267 9270 4261 1505 5232 4790 6658 6616 2587 407 9499 9223 3476 5143 7800 1092 2753 1259 1710 2044 6270 1778 4494 2651 7271 3888 9785 1660 1980 7356 3802 7737 1446 5701 8864 85 175 2625 5590 5100 9155 1627 3375 8241 4118 3914 9626 2513 7563 8134 
92 1646 1143 7687 4408 114 58 5632 7416 7191 3549 5928 5785 7834 3038 3654 4483 3494 4443 6314 8286 3968 7895 6098 8639 8791 3754 6953 2091 1873 5098 7793 3557 7590 3128 3101 2834 3662 249 9942 2791 7643 5538 9717 6837 3184 1674 1389 5167 3791 2165 2840 7429 5356 27 4540 341 2746 8038 4731 
93 696 202 7395 61 905 3596 9129 6936 7633 4911 5994 5287 966 4148 6742 9616 3513 7038 8058 4677 1371 1737 4236 7297 5867 7723 9352 9181 7088 6380 3847 9251 6668 5835 9899 3855 1349 1634 8894 5075 6329 5011 4259 3605 9643 8929 4121 8036 9945 3773 7845 2861 4353 6107 262 
94 4712 7572 6327 7777 435 1550 2122 8722 6877 6840 2877 3950 8237 7434 2679 9593 470 2206 764 5931 8610 8506 9877 7735 7701 5279 8653 6488 3798 8467 645 4103 438 2081 6322 3450 4059 4204 9885 8465 4767 8167 1376 1513 9453 1588 5948 6198 3425 9630 3862 1395 9816 6984 1176 7629 
95 8763 8026 1682 9432 182 5433 7514 1330 5842 2468 2196 3919 9727 1547 6580 6557 2558 8677 6904 1815 6866 3155 8898 3735 2801 2321 3233 6121 9139 8106 3119 1031 2901 8149 2426 2032 9239 5491 5568 7149 5168 1104 702 8512 5664 8634 6561 1373 6210 5790 4152 6182 4537 5614 9911 5061 8115 
96 7384 149 4892 9729 6963 3637 7637 5048 2184 4325 7163 780 3952 8769 6057 8299 2458 4319 3901 3462 5751 7169 2665 8248 7228 2804 6221 6367 7130 3166 7908 7073 1473 8552 1829 7456 2902 6360 7867 3581 4135 7238 2480 2506 4298 9071 5177 4551 5543 1704 9188 686 6259 1314 2803 9207 2524 
97 7767 5190 4151 5533 5038 3917 9955 2598 8675 5085 4839 3357 930 6258 7667 3459 2893 1822 3455 429 9998 5740 7224 2436 4584 275 9178 1123 2217 739 205 6886 2077 2936 2472 8233 4559 9517 1732 5878 3526 8085 6484 6022 5363 5880 7613 3452 1466 8720 2198 1005 6139 2836 9126 1880 
98 5607 6291 328 947 900 5685 1375 9646 5629 2823 9716 1486 9398 8142 3866 8121 9680 7256 3647 5697 681 1365 4846 5411 6656 754 3558 6203 461 636 3158 7019 3295 8358 8868 8958 7066 1173 1472 7995 4371 2412 5618 5156 1440 545 1384 6403 5933 1289 656 3946 5074 5715 200 
99 2955 906 5317 8793 4129 3539 924 4022 9010 9863 9889 99 8249 8728 1254 2158 9413 6954 4433 638 5049 7529 3496 1867 7270 4561 3787 7991 9332 9949 2023 2539 5589 3524 5468 7854 2062 7421 3100 6324 8874 4467 76 5017 8082 2413 6377 2755 7970 5582 8201 8422 3555 719 8801 
