4456
0 0 3 2
0 3 0 13
0 14 0 23
0 24 0 35
0 36 1 40
0 41 9 41
0 42 11 42
0 43 9 43
0 44 3 45
0 46 8 46
0 47 0 58
0 59 2 61
0 62 0 69
0 70 5 71
0 72 0 81
0 82 5 83
0 84 10 84
0 85 2 88
0 89 5 90
0 91 3 92
0 93 1 97
0 98 3 100
0 101 0 109
0 110 0 119
0 120 0 130
0 131 0 140
0 141 0 152
0 153 10 153
0 154 4 155
0 156 0 166
0 167 9 167
0 168 8 168
0 169 10 169
0 170 7 170
0 171 5 172
0 173 3 175
0 176 4 177
0 178 0 187
0 188 0 199
0 200 0 210
0 211 1 215
0 216 5 217
0 218 1 222
0 223 3 224
0 225 9 225
0 226 0 235
0 236 2 238
0 239 11 239
0 240 4 241
0 242 2 245
0 246 11 246
0 247 5 248
0 249 10 249
1 3 1 13
1 14 10 14
1 15 2 19
1 20 1 28
1 29 4 31
1 32 3 35
1 47 5 48
1 49 11 49
1 50 12 50
1 51 2 56
1 57 5 58
1 62 2 67
1 68 10 68
1 72 12 72
1 73 3 76
1 77 8 77
1 78 3 81
1 101 1 112
1 113 1 124
1 125 3 127
1 128 2 132
1 133 12 133
1 134 4 135
1 136 3 139
1 140 8 140
1 141 10 141
1 142 9 142
1 143 5 144
1 145 5 146
1 147 6 148
1 149 11 149
1 150 12 150
1 151 9 151
1 152 10 152
1 156 4 158
1 159 2 164
1 165 10 165
1 166 9 166
1 178 5 179
1 180 1 189
1 190 4 192
1 193 4 195
1 196 6 197
1 198 11 198
1 199 10 199
1 200 1 209
1 210 12 210
1 226 11 226
1 227 4 229
1 230 3 233
1 234 10 234
1 235 10 235
2 3 5 5
2 6 12 6
2 7 7 8
2 9 5 11
2 12 6 13
2 20 7 21
2 22 4 25
2 26 12 26
2 27 7 28
2 36 3 40
2 93 3 97
2 101 2 112
2 113 4 115
2 116 5 118
2 119 7 120
2 121 4 123
2 124 11 124
2 180 4 182
2 183 3 187
2 188 7 189
2 200 2 209
2 211 3 215
2 218 10 218
2 219 11 219
2 220 5 221
2 222 10 222
3 15 12 15
3 16 12 16
3 17 7 18
3 19 14 19
3 51 4 56
3 59 3 67
3 69 14 69
3 85 12 85
3 86 14 86
3 87 14 87
3 88 11 88
3 101 6 103
3 104 12 104
3 105 12 105
3 106 6 108
3 109 5 112
3 128 13 128
3 129 6 131
3 132 11 132
3 159 5 162
3 163 6 164
3 200 7 201
3 202 12 202
3 203 5 206
3 207 5 209
3 236 12 236
3 237 12 237
3 238 14 238
3 242 6 244
3 245 13 245
4 0 8 1
4 2 15 2
4 32 14 32
4 33 8 34
4 35 9 36
4 37 6 40
4 44 12 44
4 45 13 45
4 59 15 59
4 60 14 60
4 61 13 61
4 62 15 62
4 63 9 64
4 65 7 66
4 73 14 73
4 74 9 75
4 76 14 76
4 78 11 78
4 79 6 81
4 91 6 93
4 94 9 95
4 96 14 96
4 97 7 99
4 125 14 125
4 126 13 126
4 127 15 127
4 136 9 137
4 138 12 138
4 139 15 139
4 173 13 173
4 175 12 175
4 183 8 184
4 185 14 185
4 186 12 186
4 187 15 187
4 211 6 214
4 215 14 215
4 223 8 224
4 230 7 232
4 233 15 233
5 22 15 22
5 23 9 24
5 25 12 25
5 29 16 29
5 30 10 31
5 51 16 51
5 52 10 53
5 54 9 55
5 56 16 56
5 113 7 115
5 121 10 122
5 123 15 123
5 134 14 134
5 135 16 135
5 154 7 157
5 158 16 158
5 174 16 174
5 176 10 177
5 180 16 180
5 181 10 182
5 190 10 191
5 192 7 195
5 227 7 229
5 240 10 241
6 3 15 3
6 4 11 5
6 9 9 10
6 11 16 11
6 47 17 47
6 48 16 48
6 57 17 57
6 58 16 58
6 82 16 82
6 83 16 83
6 89 14 89
6 90 17 90
6 109 14 109
6 110 17 110
6 111 17 111
6 112 16 112
6 116 11 117
6 118 16 118
6 143 10 144
6 145 17 145
6 146 15 146
6 159 8 162
6 171 17 171
6 172 14 172
6 178 16 178
6 203 14 203
6 204 7 208
6 209 17 209
6 217 16 217
6 220 17 220
6 221 17 221
6 247 16 247
6 248 16 248
7 12 18 12
7 13 15 13
7 37 9 39
7 40 17 40
7 70 18 70
7 71 18 71
7 79 10 81
7 91 9 93
7 100 11 101
7 102 17 102
7 106 11 107
7 108 18 108
7 129 12 130
7 131 15 131
7 147 12 148
7 163 16 163
7 164 16 164
7 196 11 197
7 211 8 214
7 216 18 216
7 242 17 242
7 243 18 243
7 244 16 244
8 7 19 7
8 17 18 17
8 20 18 20
8 21 17 21
8 27 18 27
8 28 18 28
8 65 13 66
8 67 19 67
8 97 13 98
8 99 19 99
8 113 19 113
8 114 12 115
8 119 16 119
8 120 18 120
8 154 11 156
8 157 15 157
8 170 17 170
8 188 11 189
8 192 9 195
8 200 12 201
8 204 16 204
8 205 18 205
8 206 12 207
8 208 19 208
8 227 13 228
8 229 18 229
8 230 12 231
8 232 19 232
9 0 12 1
9 33 18 33
9 34 16 34
9 46 18 46
9 77 20 77
9 140 18 140
9 159 11 162
9 168 19 168
9 183 14 184
9 211 20 211
9 212 14 213
9 214 19 214
9 223 20 223
9 224 20 224
10 8 13 10
10 23 15 24
10 35 12 37
10 38 19 38
10 39 20 39
10 41 21 41
10 43 19 43
10 54 19 54
10 55 18 55
10 63 19 63
10 64 17 64
10 74 20 74
10 91 20 91
10 92 20 92
10 93 21 93
10 94 15 95
10 136 18 136
10 137 20 137
10 142 20 142
10 151 20 151
10 166 15 167
10 179 21 179
10 192 13 194
10 195 18 195
10 225 20 225
11 18 22 18
11 30 22 30
11 31 21 31
11 52 15 53
11 68 22 68
11 79 13 81
11 84 21 84
11 121 21 121
11 122 22 122
11 141 20 141
11 143 22 143
11 144 22 144
11 152 21 152
11 153 22 153
11 165 18 165
11 169 20 169
11 176 16 177
11 181 14 182
11 190 21 190
11 191 21 191
11 199 22 199
11 218 20 218
11 222 22 222
11 234 16 235
11 240 21 240
11 241 21 241
11 249 21 249
12 5 23 5
12 42 22 42
12 49 23 49
12 88 20 88
12 100 21 100
12 101 20 101
12 106 16 107
12 116 22 116
12 124 21 124
12 132 20 132
12 149 19 149
12 154 17 155
12 159 15 161
12 188 19 188
12 189 22 189
12 196 15 198
12 219 21 219
12 239 22 239
12 246 22 246
13 0 18 1
13 4 24 4
13 6 21 6
13 14 17 15
13 25 16 26
13 35 16 37
13 44 21 44
13 50 24 50
13 85 24 85
13 103 24 103
13 104 21 104
13 105 22 105
13 114 24 114
13 115 23 115
13 129 17 130
13 133 24 133
13 138 22 138
13 147 18 148
13 150 24 150
13 162 24 162
13 175 24 175
13 186 23 186
13 200 18 201
13 202 24 202
13 206 23 206
13 207 23 207
13 210 21 210
13 230 22 230
13 236 24 236
13 237 24 237
14 8 25 8
14 9 22 9
14 10 24 10
14 16 25 16
14 61 23 61
14 65 24 65
14 66 21 66
14 78 16 81
14 97 23 97
14 98 25 98
14 126 24 126
14 128 23 128
14 156 25 156
14 173 22 173
14 192 25 192
14 193 21 193
14 194 22 194
14 226 17 228
14 245 24 245
15 19 25 19
15 32 24 32
15 60 25 60
15 73 26 73
15 75 20 76
15 86 26 86
15 87 25 87
15 89 25 89
15 96 24 96
15 109 24 109
15 125 25 125
15 172 25 172
15 181 17 183
15 184 18 185
15 203 26 203
15 212 25 212
15 213 23 213
15 215 24 215
15 238 25 238
16 2 27 2
16 3 27 3
16 13 26 13
16 22 27 22
16 23 24 23
16 24 24 24
16 52 21 53
16 59 25 59
16 62 24 62
16 69 27 69
16 94 24 94
16 95 27 95
16 123 23 123
16 127 25 127
16 131 26 131
16 139 27 139
16 146 27 146
16 157 26 157
16 159 26 159
16 160 27 160
16 161 27 161
16 166 27 166
16 167 27 167
16 187 25 187
16 196 21 197
16 198 26 198
16 233 27 233
17 11 25 11
17 25 22 26
17 34 28 34
17 35 28 35
17 36 25 36
17 37 25 37
17 48 24 48
17 51 28 51
17 56 28 56
17 58 27 58
17 78 21 79
17 80 19 83
17 106 25 106
17 107 26 107
17 112 27 112
17 117 20 119
17 134 22 135
17 158 28 158
17 163 24 163
17 164 26 164
17 174 27 174
17 176 19 178
17 180 26 180
17 204 25 204
17 217 28 217
17 234 25 234
17 235 28 235
17 244 27 244
17 247 28 247
17 248 26 248
18 15 29 15
18 40 29 40
18 47 29 47
18 57 29 57
18 64 29 64
18 102 29 102
18 110 26 110
18 111 27 111
18 129 23 130
18 145 29 145
18 154 22 155
18 170 22 171
18 181 29 181
18 182 22 183
18 220 28 220
18 221 27 221
18 226 20 228
19 0 24 1
19 12 28 12
19 17 29 17
19 20 29 20
19 27 29 27
19 28 30 28
19 33 27 33
19 45 30 45
19 46 28 46
19 70 22 72
19 108 28 108
19 120 29 120
19 140 27 140
19 147 27 147
19 148 30 148
19 165 30 165
19 184 24 185
19 195 28 195
19 200 24 201
19 205 30 205
19 209 30 209
19 216 26 216
19 229 30 229
19 243 30 243
20 7 31 7
20 38 30 38
20 43 30 43
20 54 27 54
20 63 31 63
20 67 30 67
20 80 24 81
20 82 31 82
20 83 31 83
20 99 28 99
20 113 28 113
20 136 31 136
20 149 29 149
20 168 30 168
20 176 31 176
20 177 31 177
20 178 28 178
20 188 31 188
20 208 28 208
20 231 31 231
20 232 31 232
21 14 32 14
21 39 32 39
21 55 32 55
21 74 24 75
21 76 26 77
21 88 32 88
21 90 26 91
21 92 31 92
21 101 29 101
21 117 32 117
21 118 30 118
21 119 31 119
21 132 31 132
21 137 32 137
21 141 29 141
21 142 32 142
21 151 31 151
21 211 30 211
21 218 31 218
21 223 23 226
21 227 26 228
22 6 32 6
22 31 33 31
22 41 29 41
22 44 33 44
22 52 27 53
22 66 31 66
22 78 30 78
22 79 33 79
22 84 32 84
22 93 33 93
22 100 32 100
22 104 33 104
22 121 33 121
22 152 33 152
22 179 33 179
22 190 27 191
22 193 31 193
22 196 29 196
22 197 33 197
22 210 32 210
22 219 32 219
22 240 25 242
22 249 33 249
23 9 32 9
23 18 32 18
23 21 34 21
23 25 32 25
23 26 34 26
23 29 28 30
23 42 33 42
23 68 33 68
23 70 31 70
23 71 32 71
23 72 34 72
23 105 34 105
23 122 34 122
23 135 31 135
23 138 32 138
23 143 28 144
23 153 27 154
23 155 33 155
23 169 26 170
23 171 31 171
23 173 34 173
23 182 34 182
23 183 34 183
23 189 31 189
23 194 33 194
23 214 34 214
23 230 32 230
23 239 34 239
23 246 34 246
24 49 32 49
24 61 33 61
24 97 35 97
24 115 34 115
24 116 35 116
24 123 35 123
24 128 34 128
24 129 29 130
24 186 35 186
24 206 32 206
24 207 35 207
24 213 33 213
24 222 27 223
24 224 34 224
24 225 32 225
24 226 34 226
25 0 34 0
25 1 34 1
25 4 30 5
25 10 36 10
25 23 35 23
25 32 33 32
25 48 34 48
25 50 36 50
25 62 36 62
25 65 34 65
25 74 33 74
25 75 33 75
25 80 34 80
25 85 36 85
25 94 32 94
25 96 35 96
25 103 34 103
25 109 35 109
25 114 35 114
25 126 36 126
25 133 35 133
25 134 36 134
25 150 34 150
25 162 34 162
25 163 34 163
25 184 36 184
25 185 36 185
25 199 26 202
25 215 36 215
25 236 30 237
25 245 36 245
26 11 37 11
26 16 34 16
26 19 37 19
26 36 37 36
26 37 34 37
26 59 34 59
26 60 36 60
26 87 35 87
26 89 34 89
26 98 36 98
26 106 37 106
26 124 37 124
26 125 36 125
26 127 36 127
26 156 37 156
26 187 36 187
26 192 34 192
26 212 33 212
26 234 37 234
26 240 29 242
27 8 38 8
27 13 38 13
27 24 38 24
27 73 38 73
27 76 35 76
27 77 38 77
27 90 32 91
27 107 37 107
27 110 37 110
27 131 38 131
27 157 38 157
27 159 37 159
27 164 38 164
27 169 32 170
27 180 37 180
27 198 28 203
27 216 37 216
27 227 32 228
27 248 35 248
28 2 37 2
28 22 39 22
28 33 35 33
28 52 31 54
28 58 39 58
28 69 36 69
28 95 39 95
28 111 39 111
28 112 39 112
28 139 39 139
28 140 39 140
28 146 36 146
28 147 39 147
28 153 31 154
28 160 39 160
28 166 39 166
28 167 37 167
28 174 39 174
28 190 38 190
28 191 39 191
28 204 39 204
28 221 37 221
28 222 38 222
28 233 37 233
28 244 35 244
29 3 40 3
29 12 39 12
29 29 40 29
29 30 39 30
29 34 39 34
29 35 40 35
29 51 40 51
29 56 40 56
29 99 39 99
29 108 37 108
29 143 39 143
29 144 40 144
29 158 40 158
29 161 40 161
29 178 40 178
29 198 31 201
29 202 40 202
29 203 38 203
29 208 40 208
29 217 40 217
29 220 40 220
29 247 40 247
30 15 40 15
30 17 40 17
30 20 39 20
30 27 41 27
30 40 33 41
30 46 35 47
30 57 39 57
30 64 38 64
30 101 35 102
30 120 39 120
30 129 34 130
30 141 37 141
30 145 41 145
30 149 40 149
30 181 41 181
30 196 40 196
30 223 41 223
30 235 41 235
30 240 38 240
30 241 40 241
30 242 40 242
31 4 36 5
31 28 38 28
31 38 41 38
31 43 39 43
31 67 40 67
31 78 42 78
31 118 40 118
31 148 41 148
31 165 40 165
31 172 42 172
31 205 39 205
31 209 42 209
31 211 40 211
31 229 39 229
31 236 41 236
31 237 42 237
31 243 41 243
32 7 39 7
32 52 42 52
32 53 36 54
32 63 41 63
32 66 43 66
32 81 36 82
32 83 42 83
32 86 43 86
32 92 42 92
32 119 42 119
32 135 40 135
32 136 39 136
32 151 40 151
32 153 37 154
32 168 43 168
32 171 43 171
32 175 37 176
32 177 42 177
32 188 37 189
32 193 43 193
32 198 36 199
32 200 37 201
32 218 41 218
32 231 42 231
32 232 41 232
33 6 43 6
33 9 44 9
33 14 44 14
33 18 44 18
33 25 43 25
33 39 43 39
33 49 44 49
33 55 42 55
33 71 44 71
33 88 41 88
33 90 38 91
33 94 41 94
33 100 43 100
33 117 41 117
33 137 38 138
33 142 44 142
33 169 42 169
33 170 43 170
33 206 44 206
33 210 43 210
33 219 43 219
33 227 38 228
33 230 43 230
33 238 44 238
34 31 38 32
34 40 37 42
34 44 42 44
34 61 43 61
34 68 42 68
34 70 45 70
34 74 45 74
34 75 43 75
34 79 45 79
34 93 44 93
34 104 44 104
34 121 41 121
34 152 43 152
34 155 45 155
34 179 45 179
34 194 42 194
34 197 45 197
34 212 39 213
34 249 43 249
35 0 39 1
35 16 44 16
35 26 45 26
35 37 45 37
35 48 46 48
35 59 45 59
35 65 42 65
35 80 46 80
35 84 46 84
35 89 44 89
35 103 45 103
35 105 45 105
35 115 46 115
35 122 46 122
35 128 39 129
35 130 46 130
35 150 46 150
35 162 46 162
35 163 43 163
35 173 43 173
35 182 39 183
35 192 46 192
35 195 46 195
35 214 46 214
35 224 45 224
35 225 40 226
35 239 46 239
35 246 44 246
36 23 46 23
36 33 46 33
36 45 41 46
36 47 47 47
36 72 47 72
36 76 47 76
36 87 45 87
36 96 41 97
36 101 47 101
36 102 44 102
36 109 46 109
36 113 41 114
36 116 46 116
36 123 46 123
36 133 47 133
36 186 47 186
36 207 46 207
36 244 45 244
36 248 46 248
37 4 48 4
37 5 47 5
37 21 48 21
37 53 46 53
37 54 45 54
37 60 46 60
37 62 46 62
37 69 45 69
37 81 41 82
37 85 45 85
37 98 47 98
37 125 48 125
37 126 46 126
37 127 47 127
37 134 47 134
37 146 48 146
37 184 42 185
37 187 47 187
37 198 46 198
37 199 48 199
37 215 47 215
37 245 48 245
38 2 46 2
38 10 42 11
38 36 49 36
38 40 41 42
38 50 49 50
38 106 40 108
38 110 49 110
38 124 46 124
38 141 49 141
38 153 42 154
38 156 48 156
38 159 49 159
38 167 48 167
38 175 43 176
38 180 49 180
38 188 49 188
38 200 49 200
38 201 48 201
38 216 49 216
38 221 49 221
38 233 45 233
38 234 49 234
39 8 48 8
39 13 48 13
39 24 48 24
39 28 48 28
39 31 48 31
39 32 46 32
39 64 47 64
39 73 50 73
39 77 50 77
39 90 44 91
39 131 43 132
39 137 43 138
39 157 49 157
39 164 47 164
39 189 43 190
39 203 50 203
39 222 49 222
39 227 48 227
39 228 50 228
39 240 50 240
40 1 50 1
40 7 49 7
40 12 50 12
40 19 45 20
40 22 49 22
40 30 50 30
40 34 49 34
40 43 50 43
40 57 45 58
40 95 51 95
40 99 50 99
40 111 50 111
40 112 51 112
40 120 48 120
40 128 49 128
40 129 51 129
40 136 50 136
40 139 51 139
40 140 51 140
40 147 51 147
40 160 49 160
40 166 50 166
40 183 51 183
40 191 49 191
40 204 44 205
40 212 45 213
40 229 51 229
41 3 52 3
41 15 50 15
41 17 52 17
41 29 50 29
41 35 52 35
41 51 49 51
41 67 52 67
41 106 43 108
41 135 51 135
41 144 51 144
41 151 51 151
41 158 52 158
41 161 51 161
41 165 52 165
41 178 50 178
41 182 52 182
41 196 52 196
41 208 52 208
41 211 50 211
41 220 52 220
41 225 51 225
41 226 52 226
41 241 46 242
41 247 52 247
42 0 53 0
42 27 53 27
42 38 53 38
42 40 47 41
42 42 53 42
42 45 53 45
42 46 52 46
42 63 53 63
42 81 47 82
42 88 52 88
42 94 50 94
42 96 53 96
42 113 46 114
42 117 51 117
42 121 53 121
42 145 53 145
42 148 53 148
42 149 53 149
42 181 53 181
42 218 52 218
42 223 52 223
42 232 53 232
42 235 49 235
42 236 53 236
42 243 53 243
43 10 48 11
43 44 52 44
43 52 53 52
43 55 54 55
43 65 54 65
43 68 54 68
43 78 53 78
43 83 54 83
43 92 53 92
43 97 54 97
43 118 54 118
43 119 54 119
43 154 53 154
43 169 51 169
43 172 54 172
43 177 54 177
43 184 54 184
43 185 54 185
43 194 54 194
43 209 53 209
43 231 52 231
44 6 54 6
44 39 52 39
44 61 51 61
44 66 54 66
44 75 55 75
44 86 54 86
44 100 55 100
44 106 54 106
44 107 49 108
44 131 55 131
44 137 54 137
44 138 55 138
44 152 53 152
44 163 53 163
44 168 54 168
44 170 55 170
44 171 53 171
44 173 46 175
44 176 55 176
44 189 51 189
44 193 54 193
44 219 55 219
44 230 53 230
44 237 55 237
45 9 54 9
45 14 54 14
45 16 53 16
45 18 55 18
45 25 56 25
45 71 55 71
45 89 50 90
45 91 55 91
45 93 56 93
45 104 56 104
45 142 53 142
45 143 56 143
45 153 56 153
45 202 56 202
45 204 50 205
45 206 53 206
45 238 54 238
45 246 55 246
46 19 57 19
46 20 56 20
46 26 55 26
46 37 57 37
46 54 57 54
46 56 51 57
46 58 51 59
46 69 53 69
46 70 56 70
46 74 55 74
46 79 55 79
46 85 57 85
46 87 55 87
46 103 56 103
46 105 57 105
46 155 55 155
46 179 57 179
46 212 55 212
46 213 54 213
46 217 57 217
46 224 57 224
46 233 56 233
46 244 57 244
47 2 57 2
47 23 58 23
47 32 50 33
47 48 52 49
47 53 58 53
47 60 56 60
47 62 58 62
47 80 58 80
47 84 58 84
47 109 55 109
47 113 54 113
47 114 57 114
47 115 55 115
47 116 55 116
47 122 49 124
47 130 58 130
47 150 58 150
47 162 55 162
47 173 49 175
47 192 57 192
47 195 57 195
47 197 51 198
47 214 57 214
47 239 57 239
47 241 54 241
47 242 57 242
47 248 55 248
48 5 56 5
48 40 59 40
48 41 58 41
48 47 58 47
48 64 59 64
48 72 57 72
48 76 59 76
48 81 57 81
48 98 57 98
48 101 59 101
48 126 52 127
48 132 52 133
48 134 58 134
48 164 59 164
48 186 58 186
48 187 56 187
48 215 56 215
48 249 59 249
49 4 58 4
49 8 58 8
49 10 60 10
49 11 60 11
49 13 60 13
49 21 58 21
49 24 60 24
49 28 60 28
49 31 60 31
49 120 60 120
49 125 58 125
49 167 57 167
49 201 60 201
49 227 60 227
49 245 60 245
50 7 59 7
50 22 61 22
50 34 60 34
50 36 60 36
50 50 55 51
50 82 61 82
50 102 61 102
50 107 59 107
50 108 61 108
50 110 57 110
50 122 59 122
50 124 60 124
50 128 60 128
50 156 55 157
50 159 55 160
50 173 61 173
50 174 54 175
50 180 61 180
50 188 61 188
50 191 57 191
50 199 54 200
50 207 61 207
50 216 61 216
50 221 60 221
50 222 61 222
50 234 54 235
51 1 58 1
51 12 59 12
51 15 60 15
51 29 55 30
51 32 62 32
51 33 62 33
51 43 60 43
51 73 61 73
51 89 54 90
51 94 59 94
51 99 58 99
51 111 62 111
51 136 62 136
51 146 62 146
51 178 60 178
51 203 60 203
51 204 54 205
51 210 54 211
52 56 60 56
52 57 57 58
52 59 62 59
52 61 62 61
52 95 61 95
52 112 62 112
52 117 63 117
52 129 63 129
52 135 61 135
52 139 55 141
52 144 61 144
52 147 62 147
52 151 60 151
52 161 63 161
52 169 63 169
52 183 62 183
52 189 63 189
52 197 63 197
52 198 63 198
52 225 59 225
52 228 57 229
53 3 64 3
53 39 63 39
53 44 63 44
53 46 62 46
53 48 63 48
53 49 64 49
53 67 60 67
53 88 62 88
53 126 62 126
53 127 62 127
53 132 58 133
53 158 64 158
53 165 61 165
53 182 62 182
53 196 63 196
53 208 63 208
53 218 64 218
53 220 63 220
53 223 61 223
53 226 63 226
53 231 64 231
53 247 61 247
54 0 65 0
54 16 63 16
54 27 64 27
54 38 65 38
54 52 65 52
54 63 63 63
54 69 64 69
54 77 58 78
54 96 65 96
54 145 63 145
54 148 59 149
54 154 63 154
54 163 62 163
54 171 61 171
54 181 64 181
54 206 64 206
54 209 64 209
54 230 64 230
54 232 65 232
54 240 65 240
55 9 64 9
55 14 64 14
55 17 66 17
55 55 66 55
55 65 59 66
55 68 65 68
55 83 65 83
55 86 62 86
55 89 59 90
55 106 62 106
55 113 64 113
55 118 64 118
55 119 64 119
55 137 64 137
55 142 66 142
55 152 66 152
55 168 65 168
55 172 62 172
55 174 62 174
55 175 65 175
55 177 65 177
55 184 64 184
55 185 65 185
55 190 66 190
55 193 60 194
55 199 60 200
55 204 66 204
55 205 65 205
55 210 66 210
55 211 64 211
55 213 63 213
55 234 60 235
55 238 65 238
55 241 62 241
55 243 66 243
56 26 67 26
56 29 66 29
56 42 67 42
56 45 67 45
56 50 60 51
56 71 64 71
56 74 67 74
56 75 65 75
56 87 65 87
56 91 66 91
56 92 67 92
56 97 67 97
56 100 65 100
56 109 64 109
56 123 67 123
56 131 64 131
56 138 61 139
56 140 66 140
56 141 67 141
56 155 59 157
56 159 67 159
56 160 67 160
56 176 66 176
56 212 66 212
56 219 64 219
56 236 60 237
56 246 67 246
56 248 64 248
57 5 62 6
57 18 68 18
57 20 67 20
57 25 64 25
57 60 67 60
57 93 64 93
57 103 61 104
57 121 68 121
57 143 67 143
57 153 67 153
57 162 68 162
57 202 66 202
57 215 65 215
57 233 65 233
58 2 68 2
58 19 67 19
58 35 69 35
58 37 67 37
58 54 69 54
58 57 69 57
58 58 69 58
58 70 69 70
58 72 67 72
58 79 69 79
58 81 67 81
58 98 66 98
58 105 69 105
58 110 68 110
58 114 68 114
58 167 69 167
58 179 69 179
58 187 69 187
58 191 67 191
58 195 65 195
58 214 69 214
58 217 69 217
58 224 65 224
58 239 66 239
58 242 66 242
58 244 68 244
59 4 69 4
59 8 70 8
59 30 70 30
59 41 70 41
59 47 68 47
59 53 69 53
59 62 69 62
59 77 64 78
59 80 68 80
59 84 64 85
59 99 69 99
59 125 67 125
59 130 67 130
59 132 61 134
59 150 68 150
59 186 68 186
59 228 64 229
60 1 71 1
60 7 71 7
60 12 69 12
60 23 71 23
60 40 70 40
60 64 63 66
60 76 70 76
60 89 69 89
60 90 69 90
60 94 69 94
60 101 68 101
60 107 67 107
60 148 70 148
60 149 68 149
60 155 63 157
60 164 70 164
60 225 67 225
60 249 71 249
61 10 65 11
61 13 71 13
61 15 71 15
61 24 72 24
61 31 72 31
61 36 71 36
61 50 72 50
61 51 69 51
61 56 68 56
61 67 71 67
61 120 68 120
61 124 72 124
61 151 71 151
61 166 72 166
61 178 69 178
61 192 64 194
61 199 71 199
61 201 72 201
61 203 68 203
61 221 70 221
61 227 72 227
61 234 69 234
61 237 71 237
61 245 70 245
62 21 67 22
62 34 73 34
62 73 72 73
62 82 70 82
62 95 73 95
62 102 65 104
62 116 73 116
62 132 73 132
62 133 66 134
62 138 67 139
62 144 69 144
62 165 72 165
62 171 72 171
62 173 73 173
62 180 72 180
62 200 73 200
62 207 71 207
62 216 70 216
62 222 67 223
62 247 73 247
63 5 73 5
63 28 74 28
63 32 67 33
63 46 74 46
63 59 74 59
63 61 74 61
63 86 72 86
63 88 74 88
63 106 74 106
63 108 74 108
63 111 74 111
63 112 73 112
63 122 74 122
63 126 65 128
63 135 74 135
63 136 74 136
63 146 70 146
63 147 71 147
63 163 74 163
63 172 73 172
63 174 72 174
63 182 68 183
63 235 74 235
63 241 73 241
64 16 73 16
64 39 74 39
64 43 67 44
64 48 72 48
64 63 66 65
64 66 74 66
64 117 72 117
64 129 73 129
64 145 75 145
64 154 69 155
64 156 68 157
64 161 72 161
64 169 72 169
64 188 68 189
64 196 69 197
64 208 75 208
64 213 75 213
64 220 75 220
64 226 74 226
65 3 75 3
65 9 73 9
65 14 75 14
65 25 75 25
65 49 74 49
65 69 75 69
65 71 74 71
65 77 68 78
65 84 69 85
65 93 72 93
65 109 75 109
65 113 76 113
65 115 76 115
65 118 69 119
65 137 72 137
65 158 72 158
65 181 75 181
65 184 73 184
65 192 76 192
65 193 76 193
65 194 74 194
65 206 76 206
65 211 76 211
65 218 75 218
65 219 76 219
65 228 76 228
65 229 75 229
65 230 76 230
65 231 75 231
65 248 73 248
66 0 77 0
66 6 77 6
66 10 71 11
66 38 75 38
66 52 77 52
66 68 75 68
66 75 77 75
66 83 76 83
66 87 77 87
66 96 77 96
66 100 77 100
66 102 76 102
66 103 75 103
66 126 74 126
66 127 76 127
66 128 74 128
66 131 77 131
66 168 76 168
66 175 74 175
66 177 74 177
66 195 77 195
66 205 77 205
66 209 77 209
66 215 74 215
66 232 70 233
66 238 77 238
67 17 76 17
67 29 78 29
67 55 75 55
67 63 71 64
67 91 78 91
67 98 78 98
67 104 78 104
67 133 70 134
67 140 75 140
67 142 77 142
67 152 77 152
67 170 78 170
67 176 75 176
67 190 78 190
67 198 78 198
67 202 77 202
67 204 76 204
67 210 78 210
67 212 77 212
67 224 78 224
67 236 78 236
67 242 71 243
68 19 76 19
68 20 76 20
68 26 72 27
68 32 73 33
68 37 77 37
68 42 77 42
68 43 71 45
68 60 79 60
68 72 79 72
68 74 76 74
68 81 76 81
68 92 79 92
68 97 79 97
68 107 78 107
68 123 79 123
68 130 77 130
68 138 73 139
68 141 79 141
68 143 79 143
68 153 78 153
68 159 79 159
68 160 78 160
68 191 79 191
68 222 77 222
68 223 79 223
68 225 79 225
68 239 73 240
68 246 79 246
69 2 78 2
69 18 79 18
69 21 80 21
69 47 79 47
69 56 79 56
69 77 80 77
69 78 79 78
69 80 80 80
69 101 80 101
69 110 80 110
69 114 80 114
69 120 80 120
69 121 80 121
69 125 80 125
69 149 78 149
69 156 80 156
69 157 76 157
69 183 78 183
69 185 74 186
69 188 80 188
69 203 76 203
70 4 81 4
70 12 78 12
70 22 81 22
70 35 79 35
70 51 80 51
70 53 81 53
70 54 80 54
70 57 80 57
70 58 79 58
70 62 78 62
70 65 81 65
70 79 81 79
70 84 78 84
70 85 80 85
70 89 75 90
70 94 81 94
70 105 79 105
70 118 79 118
70 144 81 144
70 150 81 150
70 154 81 154
70 167 81 167
70 178 79 178
70 179 81 179
70 187 80 187
70 189 81 189
70 196 75 197
70 214 81 214
70 217 81 217
70 234 78 234
70 244 81 244
71 8 82 8
71 30 82 30
71 40 81 40
71 82 81 82
71 133 76 134
71 148 82 148
71 164 81 164
71 216 82 216
71 232 81 232
71 233 81 233
71 245 81 245
72 1 83 1
72 7 83 7
72 10 79 10
72 11 80 11
72 13 83 13
72 15 80 15
72 23 83 23
72 36 82 36
72 43 75 45
72 63 77 64
72 99 83 99
72 146 83 146
72 147 83 147
72 151 83 151
72 162 83 162
72 207 81 207
72 237 79 237
72 242 77 243
72 249 80 249
73 24 82 24
73 31 83 31
73 41 84 41
73 48 83 48
73 50 84 50
73 73 83 73
73 86 82 86
73 93 83 93
73 124 80 124
73 137 84 137
73 158 84 158
73 161 83 161
73 165 82 165
73 166 81 166
73 169 82 169
73 171 84 171
73 174 83 174
73 180 83 180
73 227 83 227
74 5 81 5
74 9 82 9
74 16 84 16
74 26 85 26
74 27 85 27
74 32 77 33
74 34 82 34
74 95 81 95
74 112 83 112
74 116 78 117
74 129 83 129
74 132 85 132
74 138 85 138
74 172 84 172
74 173 85 173
74 184 85 184
74 199 79 200
74 201 85 201
74 247 84 247
74 248 85 248
75 28 85 28
75 39 86 39
75 46 86 46
75 49 82 49
75 59 84 59
75 61 84 61
75 66 80 67
75 71 85 71
75 88 85 88
75 106 85 106
75 108 85 108
75 111 86 111
75 119 86 119
75 126 85 126
75 128 86 128
75 135 84 135
75 136 85 136
75 163 85 163
75 175 84 175
75 177 86 177
75 185 83 185
75 215 86 215
75 226 85 226
75 235 84 235
75 239 86 239
76 14 86 14
76 25 86 25
76 38 87 38
76 43 86 43
76 44 79 45
76 68 85 68
76 69 87 69
76 89 81 90
76 103 86 103
76 109 85 109
76 122 87 122
76 139 81 140
76 145 87 145
76 155 87 155
76 176 85 176
76 181 85 181
76 197 86 197
76 208 85 208
76 218 83 218
76 220 86 220
76 221 87 221
76 229 85 229
76 231 87 231
77 3 88 3
77 17 85 17
77 19 82 20
77 74 84 74
77 81 87 81
77 102 88 102
77 115 88 115
77 127 87 127
77 133 85 133
77 134 86 134
77 157 85 157
77 168 85 168
77 192 88 192
77 193 82 194
77 203 82 204
77 206 86 206
77 213 88 213
77 219 88 219
77 228 86 228
77 230 88 230
78 0 87 0
78 6 88 6
78 33 88 33
78 37 87 37
78 42 85 42
78 52 89 52
78 63 89 63
78 64 88 64
78 75 86 75
78 83 89 83
78 96 87 96
78 130 89 130
78 131 89 131
78 142 88 142
78 152 87 152
78 202 89 202
78 205 88 205
78 209 89 209
78 211 83 212
78 222 88 222
78 238 86 238
78 240 81 242
79 2 88 2
79 29 90 29
79 62 90 62
79 76 90 76
79 84 90 84
79 87 90 87
79 91 88 91
79 98 90 98
79 100 90 100
79 104 87 104
79 107 88 107
79 116 84 117
79 149 88 149
79 153 88 153
79 170 88 170
79 183 89 183
79 186 90 186
79 190 87 190
79 198 87 198
79 210 86 210
79 224 90 224
79 234 89 234
79 236 87 236
80 18 89 18
80 35 90 35
80 44 91 44
80 47 88 47
80 55 84 56
80 58 89 58
80 60 89 60
80 70 91 70
80 72 91 72
80 78 89 78
80 92 89 92
80 97 91 97
80 105 91 105
80 113 91 113
80 118 88 118
80 123 89 123
80 141 91 141
80 143 89 143
80 159 85 160
80 178 89 178
80 191 90 191
80 199 89 199
80 200 91 200
80 223 88 223
80 225 91 225
80 237 88 237
80 246 90 246
81 10 86 11
81 21 88 21
81 51 90 51
81 54 90 54
81 57 89 57
81 66 92 66
81 67 92 67
81 110 89 110
81 114 92 114
81 121 92 121
81 124 86 125
81 156 89 156
81 182 92 182
81 187 85 188
81 249 92 249
82 4 92 4
82 5 91 5
82 22 91 22
82 40 92 40
82 53 92 53
82 65 93 65
82 77 93 77
82 79 92 79
82 80 93 80
82 82 91 82
82 89 87 90
82 94 92 94
82 95 92 95
82 139 87 140
82 144 90 144
82 150 92 150
82 154 89 154
82 164 93 164
82 166 91 166
82 167 90 167
82 179 93 179
82 189 93 189
82 214 92 214
82 217 93 217
82 232 93 232
82 233 93 233
82 240 87 241
82 242 87 243
82 244 93 244
82 245 89 245
83 8 91 8
83 9 94 9
83 12 94 12
83 19 86 20
83 24 90 24
83 30 92 30
83 34 91 34
83 36 93 36
83 49 94 49
83 85 86 86
83 165 91 165
83 169 92 169
83 193 94 193
83 194 94 194
83 195 94 195
83 203 87 204
83 207 94 207
84 1 92 1
84 7 94 7
84 23 95 23
84 31 95 31
84 45 95 45
84 48 91 48
84 73 94 73
84 93 92 93
84 112 94 112
84 129 95 129
84 146 89 147
84 148 95 148
84 161 89 162
84 174 95 174
84 180 95 180
84 185 95 185
84 211 87 212
84 227 95 227
85 13 96 13
85 15 89 16
85 50 93 50
85 55 90 56
85 59 96 59
85 61 95 61
85 74 95 74
85 99 96 99
85 116 89 117
85 120 96 120
85 135 96 135
85 137 96 137
85 158 96 158
85 171 96 171
85 172 95 172
85 175 96 175
85 218 96 218
85 235 96 235
85 247 94 247
86 26 95 26
86 27 95 27
86 28 94 28
86 41 90 42
86 71 95 71
86 88 95 88
86 106 97 106
86 108 94 108
86 109 97 109
86 132 91 133
86 136 93 136
86 138 97 138
86 151 97 151
86 157 93 157
86 159 95 159
86 163 97 163
86 168 94 168
86 173 95 173
86 176 97 176
86 181 96 181
86 187 91 188
86 201 97 201
86 208 97 208
86 216 97 216
86 226 95 226
86 229 96 229
86 248 97 248
87 10 92 11
87 14 97 14
87 19 92 20
87 25 97 25
87 32 98 32
87 46 96 46
87 75 96 75
87 85 96 85
87 86 97 86
87 103 95 103
87 111 98 111
87 119 98 119
87 124 97 124
87 126 98 126
87 128 98 128
87 134 97 134
87 177 95 177
87 196 92 197
87 206 96 206
87 210 97 210
87 228 94 228
87 238 92 239
88 0 95 0
88 17 99 17
88 37 98 37
88 38 93 39
88 69 98 69
88 81 99 81
88 89 96 89
88 90 97 90
88 96 97 96
88 104 97 104
88 122 99 122
88 125 99 125
88 127 98 127
88 139 92 140
88 145 99 145
88 152 99 152
88 155 99 155
88 190 99 190
88 198 98 198
88 203 93 204
88 211 91 212
88 220 93 221
88 231 98 231
88 236 95 236
88 240 92 241
88 242 98 242
88 243 99 243
89 2 99 2
89 3 99 3
89 6 100 6
89 33 100 33
89 47 100 47
89 91 100 91
89 102 100 102
89 107 96 107
89 115 96 115
89 118 99 118
89 142 100 142
89 149 98 149
89 153 97 153
89 170 96 170
89 192 100 192
89 205 100 205
89 213 100 213
89 219 100 219
89 222 100 222
89 223 100 223
89 230 100 230
89 237 100 237
90 15 95 16
90 18 99 18
90 52 98 52
90 57 99 57
90 60 101 60
90 63 101 63
90 64 101 64
90 68 101 68
90 78 101 78
90 83 101 83
90 92 101 92
90 116 97 116
90 117 97 117
90 123 100 123
90 130 95 131
90 143 100 143
90 146 95 147
90 154 101 154
90 156 101 156
90 160 94 161
90 162 101 162
90 178 101 178
90 183 94 184
90 199 101 199
90 202 97 202
90 209 101 209
90 234 100 234
90 245 98 245
91 24 100 24
91 29 100 29
91 35 99 35
91 41 94 43
91 51 101 51
91 54 98 54
91 55 95 56
91 62 102 62
91 76 101 76
91 84 102 84
91 87 101 87
91 98 102 98
91 100 102 100
91 144 101 144
91 167 102 167
91 186 101 186
91 191 102 191
91 215 102 215
92 5 100 5
92 8 100 8
92 21 96 22
92 34 103 34
92 48 101 48
92 70 103 70
92 72 103 72
92 82 103 82
92 97 101 97
92 101 103 101
92 105 100 105
92 132 103 132
92 141 99 141
92 165 103 165
92 166 102 166
92 187 103 187
92 188 100 188
92 200 103 200
92 211 96 212
92 225 102 225
93 1 103 1
93 4 104 4
93 10 97 11
93 19 104 19
93 30 100 30
93 40 103 40
93 44 104 44
93 53 103 53
93 66 98 67
93 79 104 79
93 93 98 94
93 95 101 95
93 113 98 114
93 139 98 140
93 169 104 169
93 182 104 182
93 196 97 197
93 214 102 214
93 238 104 238
93 239 98 240
93 241 103 241
93 246 104 246
93 249 104 249
94 36 104 36
94 39 101 39
94 50 104 50
94 58 105 58
94 65 105 65
94 77 103 77
94 80 105 80
94 136 104 136
94 157 105 157
94 164 103 164
94 179 103 179
94 189 103 189
94 203 99 204
94 220 105 220
94 224 105 224
94 232 98 233
94 244 105 244
95 7 105 7
95 9 106 9
95 12 104 12
95 20 106 20
95 41 103 41
95 42 103 42
95 43 106 43
95 49 106 49
95 73 105 73
95 108 104 108
95 110 106 110
95 112 106 112
95 150 106 150
95 160 99 161
95 168 103 168
95 183 105 183
95 193 99 194
95 195 106 195
95 207 103 207
95 221 106 221
95 228 104 228
95 247 105 247
96 15 107 15
96 16 107 16
96 23 105 23
96 26 99 28
96 31 106 31
96 45 103 45
96 55 101 56
96 61 107 61
96 74 104 74
96 88 107 88
96 103 107 103
96 129 107 129
96 130 106 130
96 131 107 131
96 146 98 148
96 159 105 159
96 172 99 174
96 177 105 177
96 180 107 180
96 184 101 185
96 226 106 226
96 227 105 227
96 236 107 236
97 13 108 13
97 21 102 22
97 38 108 38
97 46 107 46
97 59 108 59
97 71 108 71
97 75 108 75
97 85 104 85
97 89 107 89
97 107 108 107
97 115 104 115
97 120 100 121
97 135 106 135
97 137 106 137
97 158 107 158
97 170 107 170
97 171 106 171
97 175 108 175
97 181 107 181
97 206 108 206
97 211 107 211
97 212 107 212
97 217 102 218
97 235 106 235
98 10 103 11
98 14 107 14
98 25 109 25
98 86 109 86
98 96 109 96
98 104 107 104
98 106 109 106
98 109 109 109
98 116 108 116
98 124 109 124
98 134 106 134
98 138 107 138
98 151 109 151
98 153 109 153
98 196 103 197
98 201 109 201
98 202 107 202
98 208 105 208
98 248 108 248
99 32 109 32
99 37 110 37
99 52 109 52
99 54 109 54
99 66 108 66
99 67 109 67
99 69 110 69
99 93 108 93
99 94 107 94
99 111 109 111
99 113 104 114
99 119 110 119
99 126 102 127
99 128 109 128
99 133 110 133
99 139 104 140
99 146 109 146
99 147 106 147
99 148 102 149
99 163 110 163
99 176 110 176
99 198 108 198
99 231 107 231
99 232 102 233
99 239 108 239
99 240 109 240
99 245 110 245
100 0 111 0
100 2 108 2
100 3 110 3
100 17 110 17
100 26 104 27
100 28 111 28
100 35 109 35
100 57 110 57
100 117 111 117
100 122 108 122
100 125 109 125
100 141 111 141
100 145 111 145
100 152 110 152
100 160 105 161
100 172 111 172
100 173 111 173
100 174 111 174
100 190 109 190
100 193 111 193
100 194 108 194
100 203 104 204
100 242 104 243
101 5 106 6
101 8 110 8
101 24 111 24
101 29 105 30
101 33 110 33
101 90 106 91
101 102 108 102
101 105 111 105
101 120 110 120
101 121 112 121
101 123 108 123
101 142 106 143
101 188 111 188
101 192 110 192
101 205 112 205
101 222 112 222
101 223 109 223
101 229 112 229
101 230 111 230
101 234 108 234
101 237 112 237
102 39 109 39
102 47 106 48
102 51 113 51
102 55 107 56
102 63 106 64
102 68 111 68
102 76 113 76
102 78 111 78
102 81 113 81
102 83 112 83
102 87 110 87
102 92 112 92
102 97 113 97
102 144 110 144
102 154 110 154
102 155 107 156
102 162 112 162
102 184 113 184
102 185 112 185
102 186 112 186
102 199 111 199
102 209 109 209
103 21 114 21
103 22 112 22
103 84 111 84
103 95 114 95
103 98 114 98
103 99 107 100
103 126 107 127
103 148 108 149
103 166 108 167
103 191 111 191
103 213 104 218
103 225 112 225
103 232 107 233
104 1 112 1
104 11 115 11
104 34 113 34
104 40 111 40
104 41 114 41
104 42 114 42
104 45 114 45
104 53 114 53
104 60 115 60
104 72 112 72
104 77 115 77
104 82 112 82
104 101 115 101
104 132 112 132
104 164 112 164
104 165 115 165
104 168 114 168
104 179 115 179
104 187 115 187
104 189 112 189
104 196 115 196
104 197 115 197
104 200 115 200
104 207 111 207
104 241 111 241
105 4 115 4
105 12 113 12
105 18 116 18
105 19 114 19
105 26 113 26
105 27 113 27
105 44 116 44
105 50 113 50
105 74 112 74
105 79 115 79
105 85 114 85
105 108 116 108
105 113 114 113
105 114 113 114
105 115 116 115
105 136 114 136
105 139 116 139
105 140 116 140
105 182 113 182
105 203 115 203
105 204 115 204
105 213 109 214
105 215 113 215
105 216 110 217
105 218 113 218
105 219 116 219
105 228 113 228
105 242 114 242
105 243 115 243
106 7 117 7
106 23 116 23
106 30 116 30
106 36 117 36
106 58 115 58
106 62 117 62
106 65 117 65
106 73 115 73
106 80 113 80
106 157 113 157
106 159 109 161
106 169 117 169
106 177 117 177
106 183 115 183
106 208 116 208
106 220 117 220
106 224 117 224
106 227 116 227
106 244 114 244
106 246 111 247
107 5 110 6
107 9 111 10
107 31 118 31
107 43 117 43
107 47 115 47
107 48 118 48
107 63 116 63
107 64 117 64
107 90 112 91
107 110 118 110
107 112 118 112
107 118 118 118
107 130 118 130
107 134 117 134
107 135 117 135
107 137 116 137
107 142 116 142
107 143 116 143
107 147 117 147
107 171 118 171
107 178 118 178
107 195 118 195
107 210 118 210
107 221 118 221
107 226 116 226
107 235 117 235
108 14 110 16
108 46 119 46
108 55 119 55
108 56 119 56
108 88 119 88
108 89 118 89
108 94 119 94
108 99 119 99
108 100 118 100
108 104 117 104
108 126 113 127
108 129 118 129
108 131 115 131
108 138 118 138
108 156 116 156
108 158 119 158
108 170 119 170
108 180 112 181
108 202 119 202
108 211 117 211
108 212 115 212
108 231 117 231
108 232 113 233
108 236 118 236
108 249 119 249
109 2 118 2
109 13 118 13
109 20 120 20
109 38 120 38
109 59 119 59
109 61 120 61
109 66 120 66
109 70 114 71
109 75 118 75
109 93 120 93
109 102 118 102
109 103 120 103
109 107 119 107
109 116 117 116
109 122 112 123
109 148 114 149
109 166 120 166
109 167 118 167
109 198 120 198
109 206 120 206
109 238 120 238
109 239 120 239
109 248 120 248
110 25 121 25
110 29 121 29
110 32 117 32
110 35 120 35
110 39 118 39
110 49 121 49
110 52 118 52
110 54 120 54
110 86 119 86
110 96 118 96
110 106 120 106
110 111 121 111
110 124 114 125
110 128 121 128
110 146 117 146
110 150 115 151
110 153 120 153
110 159 119 159
110 160 120 160
110 161 118 161
110 175 121 175
110 190 121 190
110 194 121 194
110 201 119 201
110 209 120 209
110 213 114 214
110 223 119 223
110 240 120 240
111 3 121 3
111 5 115 6
111 8 122 8
111 14 121 14
111 15 120 15
111 17 122 17
111 33 121 33
111 37 119 37
111 57 122 57
111 67 122 67
111 69 119 69
111 87 122 87
111 119 121 119
111 120 122 120
111 133 121 133
111 144 120 144
111 152 119 152
111 154 115 155
111 163 121 163
111 176 121 176
111 192 122 192
111 216 120 216
111 217 122 217
111 245 119 245
112 0 123 0
112 9 117 10
112 24 121 24
112 40 121 40
112 68 123 68
112 78 122 78
112 84 123 84
112 105 122 105
112 117 123 117
112 145 123 145
112 172 115 174
112 188 121 188
112 191 121 191
112 193 123 193
112 199 123 199
112 207 123 207
112 230 122 230
112 241 121 241
112 246 122 246
112 247 123 247
113 16 124 16
113 22 122 22
113 72 123 72
113 82 118 83
113 90 118 91
113 92 123 92
113 109 124 109
113 121 116 123
113 132 124 132
113 162 121 162
113 164 124 164
113 180 124 180
113 181 124 181
113 185 120 185
113 186 121 186
113 189 123 189
113 205 121 205
113 222 124 222
113 225 124 225
113 229 124 229
113 234 124 234
113 237 122 237
114 26 121 26
114 27 118 28
114 34 125 34
114 50 117 51
114 74 125 74
114 76 123 76
114 80 119 81
114 114 125 114
114 126 125 126
114 127 124 127
114 141 125 141
114 157 124 157
114 182 125 182
114 184 121 184
114 218 123 218
114 228 125 228
114 232 118 233
115 19 123 19
115 21 126 21
115 41 119 42
115 45 122 45
115 53 125 53
115 71 126 71
115 85 125 85
115 95 124 95
115 97 126 97
115 98 124 98
115 113 126 113
115 124 120 125
115 136 125 136
115 148 124 148
115 149 123 149
115 168 126 168
115 213 126 213
115 214 125 214
115 242 124 242
115 244 126 244
116 4 127 4
116 5 126 5
116 6 127 6
116 11 125 11
116 47 124 47
116 58 124 58
116 77 123 77
116 101 126 101
116 131 127 131
116 150 126 150
116 151 127 151
116 154 121 155
116 165 126 165
116 172 124 172
116 173 124 173
116 174 127 174
116 179 127 179
116 183 125 183
116 187 127 187
116 196 126 196
116 197 124 197
116 200 126 200
116 203 119 204
116 212 124 212
116 215 127 215
116 243 124 243
117 18 125 18
117 30 128 30
117 44 126 44
117 60 128 60
117 63 127 63
117 108 126 108
117 115 127 115
117 121 120 123
117 137 126 137
117 139 128 139
117 140 125 140
117 142 122 143
117 156 127 156
117 208 128 208
117 219 128 219
117 226 121 227
118 7 128 7
118 9 129 9
118 10 127 10
118 36 126 36
118 43 125 43
118 50 127 50
118 51 127 51
118 62 128 62
118 64 122 65
118 79 129 79
118 104 125 104
118 116 129 116
118 134 123 135
118 146 122 147
118 177 128 177
118 211 129 211
118 220 129 220
118 224 125 224
118 231 129 231
118 235 128 235
119 1 122 2
119 12 122 13
119 27 129 27
119 28 130 28
119 31 128 31
119 39 128 39
119 48 129 48
119 52 130 52
119 75 128 75
119 82 123 83
119 89 121 91
119 96 126 96
119 100 130 100
119 102 130 102
119 110 128 110
119 112 128 112
119 118 130 118
119 129 128 129
119 130 129 130
119 138 128 138
119 161 127 161
119 167 128 167
119 171 128 171
119 178 130 178
119 195 129 195
119 210 129 210
119 221 127 221
119 232 130 232
119 233 127 233
119 236 130 236
120 23 131 23
120 37 128 37
120 41 129 41
120 42 130 42
120 46 129 46
120 55 129 55
120 56 129 56
120 59 130 59
120 69 125 70
120 80 131 80
120 81 130 81
120 86 130 86
120 88 130 88
120 94 129 94
120 99 131 99
120 107 131 107
120 152 131 152
120 158 129 158
120 159 129 159
120 169 124 170
120 201 122 204
120 223 129 223
120 245 127 245
120 249 128 249
121 15 128 15
121 20 129 20
121 35 129 35
121 38 129 38
121 61 130 61
121 66 131 66
121 93 131 93
121 103 132 103
121 106 130 106
121 121 122 125
121 144 132 144
121 153 132 153
121 160 131 160
121 185 130 185
121 198 132 198
121 206 132 206
121 209 130 209
121 216 131 216
121 238 123 240
121 248 131 248
122 3 132 3
122 14 132 14
122 24 125 26
122 29 133 29
122 40 130 40
122 49 130 49
122 89 133 89
122 90 133 90
122 91 133 91
122 111 132 111
122 119 131 119
122 133 133 133
122 154 127 155
122 162 127 163
122 175 133 175
122 176 133 176
122 186 133 186
122 188 131 188
122 190 126 191
122 205 133 205
122 226 132 226
122 227 131 227
122 241 132 241
123 1 133 1
123 2 132 2
123 8 134 8
123 12 128 13
123 32 134 32
123 45 134 45
123 57 133 57
123 64 128 65
123 67 134 67
123 73 134 73
123 78 134 78
123 87 132 87
123 120 124 125
123 142 127 143
123 146 126 147
123 192 132 192
123 201 126 203
123 204 132 204
123 217 130 217
123 237 134 237
123 246 134 246
124 22 135 22
124 54 135 54
124 72 135 72
124 76 133 76
124 82 131 82
124 83 134 83
124 84 135 84
124 92 131 92
124 117 135 117
124 128 135 128
124 134 133 134
124 135 132 135
124 145 132 145
124 149 135 149
124 189 134 189
124 193 134 193
124 199 131 199
124 207 134 207
124 218 132 218
124 238 133 238
124 239 135 239
124 240 133 240
124 247 135 247
125 16 135 16
125 19 136 19
125 47 134 47
125 58 135 58
125 95 134 95
125 98 135 98
125 120 127 122
125 123 128 125
125 127 133 127
125 132 135 132
125 148 135 148
125 157 134 157
125 166 136 166
125 169 136 169
125 170 133 170
125 172 129 173
125 180 129 181
125 197 136 197
125 212 136 212
125 225 133 225
125 234 135 234
125 242 130 243
126 0 137 0
126 11 134 11
126 17 131 18
126 24 136 24
126 25 137 25
126 26 137 26
126 33 131 34
126 43 137 43
126 53 134 53
126 68 129 70
126 74 137 74
126 85 134 85
126 104 136 104
126 109 137 109
126 114 136 114
126 126 137 126
126 136 135 136
126 140 131 141
126 182 136 182
126 183 131 184
126 214 137 214
126 224 137 224
126 228 137 228
126 230 137 230
127 5 134 5
127 21 138 21
127 36 136 36
127 71 135 71
127 96 135 96
127 97 138 97
127 101 138 101
127 105 138 105
127 108 138 108
127 113 136 113
127 137 137 137
127 146 136 146
127 147 138 147
127 150 138 150
127 164 131 165
127 168 136 168
127 190 136 190
127 191 135 191
127 196 137 196
127 200 131 201
127 202 135 202
127 203 137 203
127 213 137 213
127 229 138 229
128 4 136 4
128 10 139 10
128 44 139 44
128 50 136 50
128 51 139 51
128 63 139 63
128 115 139 115
128 120 132 121
128 122 139 122
128 131 139 131
128 142 137 142
128 151 138 151
128 154 136 154
128 155 137 155
128 156 139 156
128 161 138 161
128 162 131 163
128 179 138 179
128 187 139 187
128 215 135 215
128 221 133 222
128 233 137 233
128 244 132 245
129 6 134 7
129 12 134 13
129 15 140 15
129 30 134 31
129 37 136 37
129 39 140 39
129 60 138 60
129 62 140 62
129 64 140 64
129 65 137 65
129 75 137 75
129 112 140 112
129 123 131 125
129 129 140 129
129 138 134 139
129 143 140 143
129 167 137 167
129 171 140 171
129 177 140 177
129 208 137 208
129 219 138 219
129 235 140 235
129 249 140 249
130 9 141 9
130 20 141 20
130 27 138 27
130 35 138 35
130 38 139 38
130 41 140 41
130 46 139 46
130 48 140 48
130 55 139 55
130 56 141 56
130 68 133 70
130 79 140 79
130 94 141 94
130 116 138 116
130 130 141 130
130 158 138 158
130 159 140 159
130 172 137 172
130 173 141 173
130 180 140 180
130 181 137 181
130 194 141 194
130 195 138 195
130 210 134 211
130 220 137 220
130 223 141 223
130 231 141 231
131 28 139 28
131 40 142 40
131 42 141 42
131 49 140 49
131 52 142 52
131 59 141 59
131 61 139 61
131 86 139 86
131 88 142 88
131 100 140 100
131 102 142 102
131 106 142 106
131 118 141 118
131 178 142 178
131 209 141 209
131 217 140 217
131 236 140 236
131 242 136 243
132 17 137 18
132 23 140 23
132 34 141 34
132 66 142 66
132 80 140 80
132 92 142 92
132 99 143 99
132 107 142 107
132 119 139 119
132 123 135 124
132 125 140 125
132 140 136 141
132 152 142 152
132 160 142 160
132 162 134 165
132 183 142 183
132 184 141 184
132 185 143 185
132 188 142 188
132 199 142 199
132 200 135 201
132 216 142 216
132 227 143 227
133 2 143 2
133 3 144 3
133 82 144 82
133 103 143 103
133 121 144 121
133 135 141 135
133 144 143 144
133 153 143 153
133 192 141 192
133 198 143 198
133 204 143 204
133 206 142 206
133 218 142 218
133 226 142 226
133 241 142 241
133 244 144 244
134 1 145 1
134 14 145 14
134 29 143 29
134 57 143 57
134 68 142 68
134 69 141 69
134 70 144 70
134 76 139 77
134 87 145 87
134 89 142 89
134 90 138 91
134 93 145 93
134 110 139 111
134 120 145 120
134 127 143 127
134 133 145 133
134 170 145 170
134 174 139 175
134 176 141 176
134 186 142 186
134 221 139 222
134 225 144 225
134 238 142 238
134 240 141 240
135 5 145 5
135 6 146 6
135 7 140 8
135 11 146 11
135 12 146 12
135 13 146 13
135 30 138 31
135 45 146 45
135 67 145 67
135 73 144 73
135 78 146 78
135 83 146 83
135 85 145 85
135 95 145 95
135 138 139 139
135 157 142 157
135 162 145 162
135 163 144 163
135 164 146 164
135 165 144 165
135 189 143 189
135 193 146 193
135 205 146 205
135 207 146 207
135 210 143 210
135 211 145 211
135 245 140 246
135 248 146 248
136 16 145 16
136 22 147 22
136 53 147 53
136 54 146 54
136 58 144 58
136 71 141 72
136 96 147 96
136 98 146 98
136 117 146 117
136 123 145 123
136 124 147 124
136 128 144 128
136 132 147 132
136 136 147 136
136 148 140 149
136 191 146 191
136 200 140 201
136 202 145 202
136 215 145 215
136 232 147 232
136 234 146 234
136 239 147 239
136 247 147 247
137 4 144 4
137 19 144 19
137 24 146 24
137 36 147 36
137 37 147 37
137 47 148 47
137 50 145 50
137 104 148 104
137 113 148 113
137 114 146 114
137 134 148 134
137 140 148 140
137 141 145 141
137 145 142 146
137 154 144 154
137 166 146 166
137 168 146 168
137 182 145 182
137 190 148 190
137 212 148 212
137 242 144 242
138 0 148 0
138 17 149 17
138 18 148 18
138 25 141 26
138 32 149 32
138 43 148 43
138 65 148 65
138 74 143 75
138 84 149 84
138 109 149 109
138 137 147 137
138 142 149 142
138 167 148 167
138 172 149 172
138 181 147 181
138 196 143 197
138 203 147 203
138 208 149 208
138 213 146 213
138 214 147 214
138 220 146 220
138 224 149 224
138 228 149 228
138 230 146 230
138 233 148 233
138 237 149 237
139 21 150 21
139 27 150 27
139 30 144 31
139 60 146 60
139 90 146 90
139 97 149 97
139 101 150 101
139 105 148 105
139 116 147 116
139 126 150 126
139 147 150 147
139 150 144 151
139 161 149 161
139 179 146 179
139 195 150 195
139 219 150 219
139 229 149 229
140 10 150 10
140 38 149 38
140 44 151 44
140 46 151 46
140 51 150 51
140 61 150 61
140 63 150 63
140 77 148 77
140 86 149 86
140 119 151 119
140 122 150 122
140 131 151 131
140 138 145 139
140 155 145 156
140 175 149 175
140 187 151 187
140 221 151 221
140 222 151 222
141 7 146 8
141 15 151 15
141 23 150 23
141 39 150 39
141 41 151 41
141 48 146 49
141 62 150 62
141 64 149 64
141 76 152 76
141 79 146 80
141 100 150 100
141 108 152 108
141 110 144 112
141 115 152 115
141 125 152 125
141 129 149 129
141 143 151 143
141 148 146 149
141 158 146 159
141 171 150 171
141 177 150 177
141 180 149 180
141 200 151 200
141 201 149 201
141 217 152 217
141 235 144 236
141 245 146 246
141 249 152 249
142 9 153 9
142 20 152 20
142 25 147 26
142 33 144 35
142 42 151 42
142 56 150 56
142 59 153 59
142 71 146 72
142 81 153 81
142 91 153 91
142 94 151 94
142 118 152 118
142 130 151 130
142 135 152 135
142 169 153 169
142 173 153 173
142 174 153 174
142 176 152 176
142 184 150 184
142 192 153 192
142 194 151 194
142 223 153 223
143 28 154 28
143 40 153 40
143 52 154 52
143 66 153 66
143 68 147 69
143 88 150 88
143 89 150 89
143 92 154 92
143 102 154 102
143 106 154 106
143 107 152 107
143 145 154 145
143 146 153 146
143 152 154 152
143 157 153 157
143 160 151 160
143 178 154 178
143 183 153 183
143 186 154 186
143 188 154 188
143 209 154 209
143 216 154 216
143 218 151 218
143 226 153 226
143 240 148 241
144 2 155 2
144 29 151 29
144 55 155 55
144 57 155 57
144 74 149 75
144 99 151 99
144 127 155 127
144 144 154 144
144 153 154 153
144 185 153 185
144 189 154 189
144 196 146 198
144 199 155 199
144 210 155 210
144 227 153 227
144 238 155 238
145 3 154 3
145 4 153 4
145 19 155 19
145 30 155 30
145 31 152 31
145 33 148 35
145 58 152 58
145 70 152 70
145 73 155 73
145 82 155 82
145 103 156 103
145 110 147 112
145 121 155 121
145 150 150 151
145 163 154 163
145 165 156 165
145 204 156 204
145 206 156 206
145 225 154 225
145 235 150 236
145 242 149 243
146 1 156 1
146 5 157 5
146 14 156 14
146 16 154 16
146 50 157 50
146 67 156 67
146 85 157 85
146 87 155 87
146 95 153 95
146 123 155 123
146 133 157 133
146 138 157 138
146 139 156 139
146 141 154 141
146 155 157 155
146 162 155 162
146 182 156 182
146 202 156 202
146 211 157 211
146 215 157 215
147 6 150 8
147 11 152 12
147 13 157 13
147 24 156 24
147 45 158 45
147 48 157 48
147 49 158 49
147 54 158 54
147 60 158 60
147 71 151 72
147 78 158 78
147 79 158 79
147 80 158 80
147 83 155 83
147 90 158 90
147 98 158 98
147 117 157 117
147 128 158 128
147 148 155 148
147 149 156 149
147 154 158 154
147 158 157 158
147 159 156 159
147 164 158 164
147 166 157 166
147 168 154 168
147 179 158 179
147 191 156 191
147 193 154 193
147 196 155 196
147 197 152 198
147 207 158 207
147 220 157 220
147 230 151 231
147 234 158 234
147 245 151 246
147 248 158 248
148 22 159 22
148 25 151 26
148 36 152 37
148 53 156 53
148 68 158 68
148 69 159 69
148 93 159 93
148 96 159 96
148 110 159 110
148 111 157 111
148 112 156 112
148 114 159 114
148 116 157 116
148 120 159 120
148 124 157 124
148 132 155 132
148 136 157 136
148 137 157 137
148 203 159 203
148 205 159 205
148 214 157 214
148 232 156 232
148 247 157 247
149 0 160 0
149 18 160 18
149 33 154 34
149 35 160 35
149 43 158 43
149 47 158 47
149 104 156 104
149 105 160 105
149 113 156 113
149 134 159 134
149 156 160 156
149 167 159 167
149 170 160 170
149 190 160 190
149 212 160 212
149 233 158 233
149 239 152 240
149 241 158 241
150 17 160 17
150 32 161 32
150 38 161 38
150 64 159 64
150 65 161 65
150 74 157 74
150 75 161 75
150 84 161 84
150 86 158 86
150 97 158 97
150 109 159 109
150 142 161 142
150 161 158 161
150 172 159 172
150 175 157 175
150 180 158 180
150 201 158 201
150 208 158 208
150 224 160 224
150 228 160 228
150 229 161 229
150 237 161 237
150 242 155 243
150 244 161 244
151 6 156 7
151 8 161 8
151 10 162 10
151 23 160 23
151 27 161 27
151 39 161 39
151 51 162 51
151 56 162 56
151 61 155 62
151 63 161 63
151 88 156 89
151 100 161 100
151 101 161 101
151 122 161 122
151 126 162 126
151 129 162 129
151 147 161 147
151 150 156 151
151 171 162 171
151 177 162 177
151 195 161 195
151 213 162 213
151 219 161 219
151 235 162 235
151 236 162 236
152 15 163 15
152 21 163 21
152 25 162 25
152 26 161 26
152 29 163 29
152 42 162 42
152 44 163 44
152 46 161 46
152 71 162 71
152 72 160 72
152 94 162 94
152 99 161 99
152 119 161 119
152 130 156 131
152 140 163 140
152 143 162 143
152 160 160 160
152 181 163 181
152 187 162 187
152 194 163 194
152 200 162 200
152 218 161 218
152 221 163 221
152 222 162 222
152 230 156 231
152 245 157 246
153 11 163 11
153 12 163 12
153 31 163 31
153 36 164 36
153 37 163 37
153 41 164 41
153 58 164 58
153 70 161 70
153 76 162 76
153 77 164 77
153 107 158 108
153 115 164 115
153 118 160 118
153 125 162 125
153 135 164 135
153 176 162 176
153 197 161 197
153 198 164 198
153 217 164 217
153 239 158 240
153 249 162 249
154 4 165 4
154 9 165 9
154 40 165 40
154 59 165 59
154 66 163 66
154 81 165 81
154 91 165 91
154 95 162 95
154 146 163 146
154 157 164 157
154 169 163 169
154 173 162 173
154 174 164 174
154 183 159 184
154 185 161 185
154 192 165 192
154 223 165 223
154 226 165 226
154 227 163 227
155 3 166 3
155 16 166 16
155 33 160 34
155 52 166 52
155 92 164 92
155 102 164 102
155 106 165 106
155 144 166 144
155 152 165 152
155 153 166 153
155 163 163 163
155 168 166 168
155 178 164 178
155 188 163 188
155 189 165 189
155 209 166 209
155 216 165 216
155 225 164 225
156 2 166 2
156 19 161 20
156 30 165 30
156 55 167 55
156 57 164 57
156 61 167 61
156 62 165 62
156 73 167 73
156 82 167 82
156 83 167 83
156 87 165 87
156 121 167 121
156 127 165 127
156 132 166 132
156 145 167 145
156 148 164 148
156 162 166 162
156 196 166 196
156 199 165 199
156 210 166 210
156 238 167 238
156 242 167 242
156 243 167 243
157 1 167 1
157 6 162 7
157 14 167 14
157 24 167 24
157 53 166 53
157 67 165 67
157 88 161 89
157 103 162 104
157 112 167 112
157 113 168 113
157 130 166 130
157 131 168 131
157 139 168 139
157 149 160 150
157 151 167 151
157 159 166 159
157 165 168 165
157 182 167 182
157 191 168 191
157 202 168 202
157 204 168 204
157 206 167 206
157 230 162 231
157 232 167 232
158 5 167 5
158 13 169 13
158 50 167 50
158 74 166 74
158 85 169 85
158 111 169 111
158 116 163 117
158 123 162 124
158 133 169 133
158 136 161 138
158 155 166 155
158 166 166 166
158 175 169 175
158 211 169 211
158 214 166 214
158 215 167 215
158 220 168 220
158 246 167 246
158 247 167 247
159 43 170 43
159 45 168 45
159 47 169 47
159 48 164 49
159 54 170 54
159 60 169 60
159 68 168 68
159 78 164 79
159 80 166 80
159 97 168 97
159 98 170 98
159 107 163 108
159 128 170 128
159 154 170 154
159 158 170 158
159 161 169 161
159 164 170 164
159 179 169 179
159 186 170 186
159 207 167 207
159 208 170 208
159 233 169 233
159 234 170 234
159 239 164 240
159 241 169 241
159 248 169 248
160 22 170 22
160 64 171 64
160 69 170 69
160 93 170 93
160 96 171 96
160 109 171 109
160 110 170 110
160 114 170 114
160 120 170 120
160 134 169 134
160 167 168 167
160 172 171 172
160 183 165 184
160 193 171 193
160 203 167 203
160 205 168 205
161 0 172 0
161 17 166 18
161 28 172 28
161 33 164 35
161 72 171 72
161 105 170 105
161 118 171 118
161 149 172 149
161 150 171 150
161 156 172 156
161 160 170 160
161 170 171 170
161 190 170 190
161 224 172 224
161 228 171 228
161 245 172 245
162 8 172 8
162 19 167 20
162 26 167 27
162 38 173 38
162 39 172 39
162 46 173 46
162 63 170 63
162 65 173 65
162 70 173 70
162 75 171 75
162 84 171 84
162 86 173 86
162 88 166 89
162 90 173 90
162 99 171 99
162 100 171 100
162 101 173 101
162 119 172 119
162 136 167 137
162 138 173 138
162 141 167 142
162 147 173 147
162 185 173 185
162 195 172 195
162 197 173 197
162 218 167 219
162 229 173 229
162 237 172 237
162 244 170 244
163 6 168 7
163 25 172 25
163 42 174 42
163 51 174 51
163 56 171 56
163 71 174 71
163 76 174 76
163 94 174 94
163 95 172 95
163 103 168 104
163 122 167 123
163 124 166 126
163 143 173 143
163 171 174 171
163 176 172 176
163 177 174 177
163 187 170 187
163 200 173 200
163 213 170 213
163 222 173 222
163 230 173 230
163 231 170 231
163 235 172 235
163 236 170 236
163 249 173 249
164 10 166 12
164 15 175 15
164 21 173 21
164 29 175 29
164 31 168 32
164 37 175 37
164 44 174 44
164 66 174 66
164 107 171 107
164 108 175 108
164 116 169 117
164 146 172 146
164 169 174 169
164 180 175 180
164 181 175 181
164 188 175 188
164 194 175 194
164 221 173 221
164 227 174 227
165 33 167 36
165 48 175 48
165 49 176 49
165 57 176 57
165 58 174 58
165 77 168 79
165 92 174 92
165 102 175 102
165 115 173 115
165 135 174 135
165 148 176 148
165 157 175 157
165 163 176 163
165 173 176 173
165 174 173 174
165 178 173 178
165 198 176 198
165 201 176 201
165 217 174 217
165 225 175 225
165 239 175 239
165 240 173 240
166 4 173 4
166 9 173 9
166 23 177 23
166 30 174 30
166 40 176 40
166 41 177 41
166 59 176 59
166 62 176 62
166 81 175 81
166 87 176 87
166 91 174 91
166 106 175 106
166 127 175 127
166 129 177 129
166 152 177 152
166 183 176 183
166 184 174 184
166 189 177 189
166 199 175 199
166 212 177 212
166 216 177 216
166 223 177 223
166 226 176 226
167 3 178 3
167 10 170 12
167 16 169 18
167 52 171 53
167 74 177 74
167 80 176 80
167 88 172 89
167 125 171 126
167 130 178 130
167 132 178 132
167 144 177 144
167 153 176 153
167 155 177 155
167 162 178 162
167 166 178 166
167 168 178 168
167 196 178 196
167 209 176 209
167 214 174 214
168 1 173 2
168 19 179 19
168 24 179 24
168 26 178 26
168 27 177 27
168 33 169 36
168 50 179 50
168 55 177 55
168 61 177 61
168 73 175 73
168 82 173 83
168 121 172 122
168 123 172 124
168 136 177 136
168 137 177 137
168 141 178 141
168 142 179 142
168 145 177 145
168 151 179 151
168 159 179 159
168 182 176 182
168 203 178 203
168 206 173 207
168 215 177 215
168 218 173 219
168 232 179 232
168 238 178 238
168 242 176 242
168 243 177 243
169 5 172 7
169 31 174 32
169 45 179 45
169 67 172 68
169 77 176 77
169 78 173 79
169 97 177 97
169 103 180 103
169 104 179 104
169 112 174 113
169 131 178 131
169 139 179 139
169 165 179 165
169 167 178 167
169 191 174 192
169 202 180 202
169 204 173 205
169 220 179 220
169 246 180 246
169 247 180 247
170 13 175 14
170 16 173 18
170 33 173 35
170 36 180 36
170 47 179 47
170 60 181 60
170 111 179 111
170 116 179 116
170 117 181 117
170 133 179 133
170 134 181 134
170 175 178 175
170 179 178 179
170 211 179 211
170 233 178 233
170 248 178 248
171 10 173 12
171 20 182 20
171 43 182 43
171 54 182 54
171 63 181 63
171 69 179 69
171 93 181 93
171 98 179 98
171 105 182 105
171 114 180 114
171 120 182 120
171 128 180 128
171 160 182 160
171 164 180 164
171 186 181 186
171 187 181 187
171 190 181 190
171 208 182 208
171 213 182 213
171 231 180 231
171 234 179 234
171 236 180 236
171 244 181 244
172 52 182 52
172 53 183 53
172 56 180 56
172 64 179 64
172 72 181 72
172 75 181 75
172 84 176 85
172 96 180 96
172 99 177 100
172 107 181 107
172 109 183 109
172 118 182 118
172 125 183 125
172 126 179 126
172 150 183 150
172 154 183 154
172 158 183 158
172 161 183 161
172 172 182 172
172 193 182 193
172 228 183 228
173 0 184 0
173 5 176 7
173 8 181 8
173 25 183 25
173 39 181 39
173 67 178 68
173 88 178 89
173 95 184 95
173 110 184 110
173 119 184 119
173 121 184 121
173 122 184 122
173 123 178 124
173 146 182 146
173 149 184 149
173 156 183 156
173 176 181 176
173 195 183 195
173 224 181 224
173 235 182 235
173 237 184 237
173 245 183 245
174 1 182 1
174 2 183 2
174 4 182 4
174 9 185 9
174 10 185 10
174 11 179 12
174 16 183 16
174 17 179 18
174 21 183 21
174 28 185 28
174 33 185 33
174 35 183 35
174 38 184 38
174 46 185 46
174 65 185 65
174 70 184 70
174 78 179 79
174 82 178 83
174 86 184 86
174 90 183 90
174 101 182 101
174 115 181 115
174 138 182 138
174 143 185 143
174 147 183 147
174 174 185 174
174 178 185 178
174 185 185 185
174 200 184 200
174 204 184 204
174 205 185 205
174 206 178 207
174 218 183 218
174 219 184 219
174 221 185 221
174 222 185 222
174 229 185 229
174 230 184 230
174 240 183 240
174 249 182 249
175 30 184 30
175 31 186 31
175 32 186 32
175 34 186 34
175 42 184 42
175 44 185 44
175 51 183 51
175 58 183 58
175 66 185 66
175 71 183 71
175 76 182 76
175 91 186 91
175 92 186 92
175 94 186 94
175 112 179 113
175 135 186 135
175 169 186 169
175 170 179 171
175 177 186 177
175 184 186 184
175 191 179 192
175 210 186 210
175 214 182 214
175 217 186 217
176 13 185 13
176 14 187 14
176 15 184 15
176 48 187 48
176 73 187 73
176 81 186 81
176 102 187 102
176 106 184 106
176 108 186 108
176 127 186 127
176 157 187 157
176 180 184 180
176 181 187 181
176 188 187 188
176 194 187 194
176 199 183 199
176 239 184 239
177 5 181 6
177 7 186 7
177 40 184 40
177 49 188 49
177 57 188 57
177 62 188 62
177 77 187 77
177 80 188 80
177 84 180 85
177 87 188 87
177 148 184 148
177 163 185 163
177 173 187 173
177 182 181 183
177 197 182 198
177 201 186 201
177 209 188 209
177 225 182 226
177 227 188 227
177 241 180 242
178 23 189 23
178 27 187 27
178 29 189 29
178 37 189 37
178 41 188 41
178 55 187 55
178 59 189 59
178 61 187 61
178 74 186 74
178 97 189 97
178 99 189 99
178 100 186 100
178 129 189 129
178 136 183 137
178 144 187 144
178 145 188 145
178 152 188 152
178 153 189 153
178 189 186 189
178 212 188 212
178 215 188 215
178 216 188 216
178 223 185 223
178 243 187 243
179 3 188 3
179 22 190 22
179 26 190 26
179 67 182 68
179 82 187 82
179 83 188 83
179 88 184 89
179 123 184 124
179 130 183 131
179 140 184 141
179 162 189 162
179 166 190 166
179 167 184 168
179 179 187 179
179 196 190 196
179 203 189 203
179 206 189 206
179 207 188 207
179 233 189 233
179 238 187 238
179 248 190 248
180 11 185 12
180 17 182 19
180 45 190 45
180 50 191 50
180 64 190 64
180 69 190 69
180 78 185 79
180 98 189 98
180 104 191 104
180 111 184 112
180 113 191 113
180 116 191 116
180 126 188 126
180 139 189 139
180 142 190 142
180 151 191 151
180 155 191 155
180 159 188 159
180 165 191 165
180 170 185 171
180 191 191 191
180 192 189 192
180 211 191 211
180 220 191 220
180 232 191 232
180 234 190 234
181 56 189 56
181 84 186 85
181 96 192 96
181 103 190 103
181 114 188 114
181 128 190 128
181 164 188 164
181 202 190 202
181 231 191 231
181 236 192 236
181 241 191 241
181 242 191 242
181 246 191 246
181 247 190 247
182 5 190 5
182 6 193 6
182 8 192 8
182 39 190 39
182 63 190 63
182 72 193 72
182 75 191 75
182 93 190 93
182 107 193 107
182 115 193 115
182 117 191 117
182 133 187 134
182 175 193 175
182 176 193 176
182 182 187 183
182 186 186 187
182 190 190 190
182 224 191 224
182 244 192 244
183 4 194 4
183 17 187 18
183 19 193 19
183 20 194 20
183 60 194 60
183 67 188 68
183 76 192 76
183 101 190 101
183 105 191 105
183 118 194 118
183 120 194 120
183 132 194 132
183 138 192 138
183 160 193 160
183 172 194 172
183 193 191 193
183 197 187 198
183 208 194 208
183 213 194 213
183 214 190 214
183 249 193 249
184 16 195 16
184 21 193 21
184 25 195 25
184 35 193 35
184 51 187 53
184 54 195 54
184 58 193 58
184 71 192 71
184 90 195 90
184 109 193 109
184 125 192 125
184 130 194 130
184 131 193 131
184 137 192 137
184 146 187 147
184 150 191 150
184 154 192 154
184 156 192 156
184 158 195 158
184 161 194 161
184 195 192 195
184 199 195 199
184 240 194 240
184 245 195 245
185 0 189 1
185 15 194 15
185 30 194 30
185 38 194 38
185 40 193 40
185 42 190 43
185 47 196 47
185 70 196 70
185 86 195 86
185 88 195 88
185 89 196 89
185 95 195 95
185 106 194 106
185 110 188 112
185 119 195 119
185 121 193 121
185 122 193 122
185 123 195 123
185 124 194 124
185 140 194 140
185 149 195 149
185 167 190 168
185 180 195 180
185 200 196 200
185 204 195 204
185 218 190 219
185 225 196 225
185 226 196 226
185 230 195 230
185 235 196 235
185 237 195 237
185 239 194 239
186 9 187 13
186 28 197 28
186 33 197 33
186 44 197 44
186 46 196 46
186 65 191 66
186 78 191 79
186 143 194 143
186 148 197 148
186 163 195 163
186 170 194 170
186 171 197 171
186 174 195 174
186 178 197 178
186 185 196 185
186 205 197 205
186 221 194 221
186 222 191 223
186 228 190 229
187 7 198 7
187 31 198 31
187 32 195 32
187 34 198 34
187 81 198 81
187 84 191 85
187 91 198 91
187 92 197 92
187 94 196 94
187 108 198 108
187 127 195 127
187 135 197 135
187 169 196 169
187 177 194 177
187 184 197 184
187 186 198 186
187 187 198 187
187 201 198 201
187 210 195 210
187 217 195 217
188 2 199 2
188 9 190 12
188 13 198 13
188 14 198 14
188 17 198 17
188 48 198 48
188 51 196 51
188 52 191 53
188 55 195 55
188 61 196 61
188 73 195 73
188 77 198 77
188 82 196 82
188 102 196 102
188 133 196 133
188 134 197 134
188 144 199 144
188 146 192 147
188 157 199 157
188 173 199 173
188 179 197 179
188 181 198 181
188 182 195 182
188 183 197 183
188 188 199 188
188 197 193 198
189 3 199 3
189 49 198 49
189 57 199 57
189 62 197 62
189 67 194 68
189 80 199 80
189 83 197 83
189 87 199 87
189 111 193 112
189 126 199 126
189 145 198 145
189 152 196 152
189 159 196 159
189 164 197 164
189 207 198 207
189 209 198 209
189 215 194 216
190 0 199 0
190 23 195 24
190 29 197 29
190 37 198 37
190 56 198 56
190 97 195 98
190 99 195 100
190 139 199 139
190 153 199 153
190 203 199 203
190 206 198 206
190 233 198 233
191 9 196 10
191 11 196 12
191 22 198 22
191 26 196 27
191 39 199 39
191 41 193 43
191 63 196 64
191 93 198 93
191 101 199 101
191 128 196 129
191 141 195 142
191 167 196 168
191 189 195 190
191 196 198 196
191 202 199 202
191 214 199 214
191 218 196 219
191 227 193 229
191 234 198 234
191 247 196 248
192 52 197 53
192 65 197 66
192 74 197 75
192 78 199 78
192 79 199 79
192 85 199 85
192 103 197 104
192 113 197 114
192 116 199 116
192 150 196 151
192 165 195 166
192 191 193 194
192 211 196 212
192 222 195 223
192 224 199 224
192 231 196 232
192 241 196 242
192 246 199 246
193 136 196 138
193 146 198 147
194 5 199 6
194 18 199 19
194 35 199 36
194 41 199 42
194 58 199 59
194 71 199 72
194 109 197 110
194 111 198 112
194 121 198 122
194 154 197 156
194 175 199 176
194 191 195 195
194 197 198 198
194 227 197 229
194 243 199 244
195 20 198 21
195 67 199 68
195 105 197 107
195 130 199 131
195 160 199 161
195 215 198 216
195 238 198 239
196 23 199 25
196 95 199 97
196 117 199 119
196 123 199 125
196 140 198 142
196 189 199 191
196 192 198 195
196 220 199 222
197 8 198 12
197 165 199 168
197 210 199 212
197 230 199 232
197 240 199 242
198 60 199 64
198 73 199 76
198 102 199 107
198 177 199 180
198 182 199 185
198 225 199 229
199 7 199 15
199 44 199 55
199 192 199 201
